height,locator_class,locator_css,locator_id,locator_linkText,locator_name,locator_partialLinkText,locator_tag,locator_xpath,tag,text,widget_id,width,x,y
32,sc-bdVaJa iWlUOU imdb-header__logo-link ndoNSXlV2Ofc_6OM-K74k,a#home_img_holder,home_img_holder,,0,,A,/html/body/div/nav/div[2]/a,A,,1,64,100,12
36,ipc-button ipc-button--single-padding ipc-button--default-height ipc-button--core-baseAlt ipc-button--theme-baseAlt ipc-button--on-textPrimary ipc-text-button navbar__flyout__text-button-after-mobile navbar__imdb-tv--toggle,nav#imdbHeader > div:nth-of-type(2) > div > a,0,,0,,A,/html/body/div/nav/div[2]/div/a,A,,2,83,262,10
31,imdb-header-search__input GVtrp0cCs2HZCo7E2L5UU react-autosuggest__input,input#suggestion-search,suggestion-search,,q,,INPUT,/html/body/div/nav/div[2]/div[2]/form/div[2]/div/input,INPUT,,3,341,403,12
25,nav-search__search-submit _2wo2z_hfPCHWGjZvUGi_f1,button#suggestion-search-button,suggestion-search-button,,0,,BUTTON,/html/body/div/nav/div[2]/div[2]/form/button,BUTTON,,4,32,762,16
36,ipc-button ipc-button--single-padding ipc-button--default-height ipc-button--core-baseAlt ipc-button--theme-baseAlt ipc-button--on-textPrimary ipc-text-button navbar__flyout__text-button-after-mobile navbar__imdb-pro--toggle,nav#imdbHeader > div:nth-of-type(2) > div:nth-of-type(3) > div > a,0,,0,,A,/html/body/div/nav/div[2]/div[3]/div/a,A,,5,84,808,10
36,ipc-button ipc-button--single-padding ipc-button--default-height ipc-button--core-baseAlt ipc-button--theme-baseAlt ipc-button--on-textPrimary ipc-text-button,nav#imdbHeader > div:nth-of-type(2) > div:nth-of-type(5) > a,0,Watchlist,0,Watchlist,A,/html/body/div/nav/div[2]/div[5]/a,A,Watchlist,6,113,910,10
36,ipc-button ipc-button--single-padding ipc-button--default-height ipc-button--core-baseAlt ipc-button--theme-baseAlt ipc-button--on-textPrimary ipc-text-button imdb-header__signin-text,nav#imdbHeader > div:nth-of-type(2) > div:nth-of-type(6) > a,0,Sign In,0,Sign In,A,/html/body/div/nav/div[2]/div[6]/a,A,Sign In,7,78,1022,10
195,ipc-lockup-overlay ipc-focusable,div#IMDbHomepageSiteReactViews > main > div:nth-of-type(2) > div:nth-of-type(2) > div > div > div > div > div > div:nth-of-type(2) > figure > div > div > div > a,0,,0,,A,/html/body/div/main/div[2]/div[2]/div/div/div/div/div/div[2]/figure/div/div/div/a,A,,8,132,-1889,586
445,ipc-lockup-overlay AutorotateWithPeekSlidestyles__WithPeekContainerOverlay-sc-85l9zx-7 jTzUIl ipc-focusable,div#IMDbHomepageSiteReactViews > main > div:nth-of-type(2) > div:nth-of-type(2) > div > div > div > div > div > div:nth-of-type(2) > figure > div > div:nth-of-type(3) > a,0,2:31'Chaos Walking' With Tom Holland and Daisy Ridley2:31Watch the Trailer,0,2:31'Chaos,A,/html/body/div/main/div[2]/div[2]/div/div/div/div/div/div[2]/figure/div/div[3]/a,A,2:31'Chaos Walking' With Tom Holland and Daisy Ridley2:31Watch the Trailer,9,667,-1905,336
195,ipc-lockup-overlay ipc-focusable,div#IMDbHomepageSiteReactViews > main > div:nth-of-type(2) > div:nth-of-type(2) > div > div > div > div > div > div:nth-of-type(3) > figure > div > div > div > a,0,,0,,A,/html/body/div/main/div[2]/div[2]/div/div/div/div/div/div[3]/figure/div/div/div/a,A,,10,132,-1222,586
445,ipc-lockup-overlay AutorotateWithPeekSlidestyles__WithPeekContainerOverlay-sc-85l9zx-7 jTzUIl ipc-focusable,div#IMDbHomepageSiteReactViews > main > div:nth-of-type(2) > div:nth-of-type(2) > div > div > div > div > div > div:nth-of-type(3) > figure > div > div:nth-of-type(3) > a,0,2:09Holiday Picks on Prime Video2:09Movies for the Whole Family,0,2:09Holida,A,/html/body/div/main/div[2]/div[2]/div/div/div/div/div/div[3]/figure/div/div[3]/a,A,2:09Holiday Picks on Prime Video2:09Movies for the Whole Family,11,667,-1238,336
195,ipc-lockup-overlay ipc-focusable,div#IMDbHomepageSiteReactViews > main > div:nth-of-type(2) > div:nth-of-type(2) > div > div > div > div > div > div:nth-of-type(4) > figure > div > div > div > a,0,,0,,A,/html/body/div/main/div[2]/div[2]/div/div/div/div/div/div[4]/figure/div/div/div/a,A,,12,132,-555,586
445,ipc-lockup-overlay AutorotateWithPeekSlidestyles__WithPeekContainerOverlay-sc-85l9zx-7 jTzUIl ipc-focusable,div#IMDbHomepageSiteReactViews > main > div:nth-of-type(2) > div:nth-of-type(2) > div > div > div > div > div > div:nth-of-type(4) > figure > div > div:nth-of-type(3) > a,0,2:37'Zack Snyder's Justice League'2:37Watch the New Trailer,0,2:37'Zack ,A,/html/body/div/main/div[2]/div[2]/div/div/div/div/div/div[4]/figure/div/div[3]/a,A,2:37'Zack Snyder's Justice League'2:37Watch the New Trailer,13,667,-571,336
195,ipc-lockup-overlay ipc-focusable,div#IMDbHomepageSiteReactViews > main > div:nth-of-type(2) > div:nth-of-type(2) > div > div > div > div > div > div:nth-of-type(5) > figure > div > div > div > a,0,,0,,A,/html/body/div/main/div[2]/div[2]/div/div/div/div/div/div[5]/figure/div/div/div/a,A,,14,132,112,586
445,ipc-lockup-overlay AutorotateWithPeekSlidestyles__WithPeekContainerOverlay-sc-85l9zx-7 jTzUIl ipc-focusable,div#IMDbHomepageSiteReactViews > main > div:nth-of-type(2) > div:nth-of-type(2) > div > div > div > div > div > div:nth-of-type(5) > figure > div > div:nth-of-type(3) > a,0,1:41A Guide to the Style of Director Cary Joji Fukunaga1:41From 'Sin Nombre' to 'Bond 25',0,1:41A Guid,A,/html/body/div/main/div[2]/div[2]/div/div/div/div/div/div[5]/figure/div/div[3]/a,A,1:41A Guide to the Style of Director Cary Joji Fukunaga1:41From 'Sin Nombre' to 'Bond 25',15,667,96,336
195,ipc-lockup-overlay ipc-focusable,div#IMDbHomepageSiteReactViews > main > div:nth-of-type(2) > div:nth-of-type(2) > div > div > div > div > div > div:nth-of-type(15) > figure > div > div > div > a,0,,0,,A,/html/body/div/main/div[2]/div[2]/div/div/div/div/div/div[15]/figure/div/div/div/a,A,,16,132,6782,586
445,ipc-lockup-overlay AutorotateWithPeekSlidestyles__WithPeekContainerOverlay-sc-85l9zx-7 jTzUIl ipc-focusable,div#IMDbHomepageSiteReactViews > main > div:nth-of-type(2) > div:nth-of-type(2) > div > div > div > div > div > div:nth-of-type(15) > figure > div > div:nth-of-type(3) > a,0,2:31'Chaos Walking' With Tom Holland and Daisy Ridley2:31Watch the Trailer,0,2:31'Chaos,A,/html/body/div/main/div[2]/div[2]/div/div/div/div/div/div[15]/figure/div/div[3]/a,A,2:31'Chaos Walking' With Tom Holland and Daisy Ridley2:31Watch the Trailer,17,667,6766,336
124,AutorotatePeekstyle__EditorialSlotDetails-z2dw6i-6 eXRXJ,div#IMDbHomepageSiteReactViews > main > div:nth-of-type(2) > div:nth-of-type(2) > div > div > div:nth-of-type(2) > div > div:nth-of-type(2) > div > div > div > a,0,2:37'Zack Snyder's Justice League'Watch the New Trailer,0,2:37'Zack ,A,/html/body/div/main/div[2]/div[2]/div/div/div[2]/div/div[2]/div/div/div/a,A,2:37'Zack Snyder's Justice League'Watch the New Trailer,18,246,858,162
124,AutorotatePeekstyle__EditorialSlotDetails-z2dw6i-6 eXRXJ,div#IMDbHomepageSiteReactViews > main > div:nth-of-type(2) > div:nth-of-type(2) > div > div > div:nth-of-type(2) > div > div:nth-of-type(2) > div > div > div:nth-of-type(2) > a,0,1:41A Guide to the Style of Director Cary Joji FukunagaFrom 'Sin Nombre' to 'Bond 25',0,1:41A Guid,A,/html/body/div/main/div[2]/div[2]/div/div/div[2]/div/div[2]/div/div/div[2]/a,A,1:41A Guide to the Style of Director Cary Joji FukunagaFrom 'Sin Nombre' to 'Bond 25',19,246,858,275
124,AutorotatePeekstyle__EditorialSlotDetails-z2dw6i-6 eXRXJ,div#IMDbHomepageSiteReactViews > main > div:nth-of-type(2) > div:nth-of-type(2) > div > div > div:nth-of-type(2) > div > div:nth-of-type(2) > div > div > div:nth-of-type(3) > a,0,2:11'Godmothered' Stars Isla Fisher and Jillian BellStreams Dec. 4 on Disney Plus,0,2:11'Godmo,A,/html/body/div/main/div[2]/div[2]/div/div/div[2]/div/div[2]/div/div/div[3]/a,A,2:11'Godmothered' Stars Isla Fisher and Jillian BellStreams Dec. 4 on Disney Plus,20,246,858,388
104,AutorotatePeekstyle__EditorialSlotDetails-z2dw6i-6 eXRXJ,div#IMDbHomepageSiteReactViews > main > div:nth-of-type(2) > div:nth-of-type(2) > div > div > div:nth-of-type(2) > div > div:nth-of-type(2) > div > div > div:nth-of-type(4) > a,0,1:30'One Night in Miami' TrailerRegina King's Directorial Debut,0,1:30'One N,A,/html/body/div/main/div[2]/div[2]/div/div/div[2]/div/div[2]/div/div/div[4]/a,A,1:30'One Night in Miami' TrailerRegina King's Directorial Debut,21,246,858,501
124,AutorotatePeekstyle__EditorialSlotDetails-z2dw6i-6 eXRXJ,div#IMDbHomepageSiteReactViews > main > div:nth-of-type(2) > div:nth-of-type(2) > div > div > div:nth-of-type(2) > div > div:nth-of-type(2) > div > div > div:nth-of-type(5) > a,0,"2:47How Letitia Wright Pushed Steve McQueen on ""Small Axe""Watch the Interview",0,2:47How Le,A,/html/body/div/main/div[2]/div[2]/div/div/div[2]/div/div[2]/div/div/div[5]/a,A,"2:47How Letitia Wright Pushed Steve McQueen on ""Small Axe""Watch the Interview",22,246,858,614
124,AutorotatePeekstyle__EditorialSlotDetails-z2dw6i-6 eXRXJ,div#IMDbHomepageSiteReactViews > main > div:nth-of-type(2) > div:nth-of-type(2) > div > div > div:nth-of-type(2) > div > div:nth-of-type(2) > div > div > div:nth-of-type(6) > a,0,2:35Vanessa Kirby & Shia LaBeouf in 'Pieces of a Woman'Watch the Trailer,0,2:35Vaness,A,/html/body/div/main/div[2]/div[2]/div/div/div[2]/div/div[2]/div/div/div[6]/a,A,2:35Vanessa Kirby & Shia LaBeouf in 'Pieces of a Woman'Watch the Trailer,23,246,858,727
23,example-headline6 AutorotateWithPeekVideoCarouselstyles__WithPeekBrowseTrailersLink-sc-1y0e8a1-6 jjDLdw,div#IMDbHomepageSiteReactViews > main > div:nth-of-type(2) > div:nth-of-type(2) > div > div > div:nth-of-type(2) > div:nth-of-type(2) > a,0,Browse trailers,0,Browse tra,A,/html/body/div/main/div[2]/div[2]/div/div/div[2]/div[2]/a,A,Browse trailers,24,176,791,756
180,ipc-lockup-overlay ipc-focusable,div#IMDbHomepageSiteReactViews > main > div:nth-of-type(2) > div:nth-of-type(3) > section > div > div > div:nth-of-type(2) > div > div > a,0,Photos,0,Photos,A,/html/body/div/main/div[2]/div[3]/section/div/div/div[2]/div/div/a,A,Photos,25,320,104,877
36,Rwa4i3rwtfq5LpCcukrtG,div#IMDbHomepageSiteReactViews > main > div:nth-of-type(2) > div:nth-of-type(3) > section > div > div > div:nth-of-type(2) > div > a,0,"Hollywood Icons, Then and Now",0,Hollywood ,A,/html/body/div/main/div[2]/div[3]/section/div/div/div[2]/div/a,A,"Hollywood Icons, Then and Now",26,320,104,1057
180,ipc-lockup-overlay ipc-focusable,div#IMDbHomepageSiteReactViews > main > div:nth-of-type(2) > div:nth-of-type(3) > section > div > div > div:nth-of-type(2) > div:nth-of-type(2) > div > a,0,List,0,List,A,/html/body/div/main/div[2]/div[3]/section/div/div/div[2]/div[2]/div/a,A,List,27,320,440,877
60,Rwa4i3rwtfq5LpCcukrtG,div#IMDbHomepageSiteReactViews > main > div:nth-of-type(2) > div:nth-of-type(3) > section > div > div > div:nth-of-type(2) > div:nth-of-type(2) > a,0,Top Prime Video Picks: The Best Movies and Shows,0,Top Prime ,A,/html/body/div/main/div[2]/div[3]/section/div/div/div[2]/div[2]/a,A,Top Prime Video Picks: The Best Movies and Shows,28,320,440,1057
180,ipc-lockup-overlay ipc-focusable,div#IMDbHomepageSiteReactViews > main > div:nth-of-type(2) > div:nth-of-type(3) > section > div > div > div:nth-of-type(2) > div:nth-of-type(3) > div > a,0,Photos,0,Photos,A,/html/body/div/main/div[2]/div[3]/section/div/div/div[2]/div[3]/div/a,A,Photos,29,320,776,877
36,Rwa4i3rwtfq5LpCcukrtG,div#IMDbHomepageSiteReactViews > main > div:nth-of-type(2) > div:nth-of-type(3) > section > div > div > div:nth-of-type(2) > div:nth-of-type(3) > a,0,We Pick the Best Movie Poster Parodies,0,We Pick th,A,/html/body/div/main/div[2]/div[3]/section/div/div/div[2]/div[3]/a,A,We Pick the Best Movie Poster Parodies,30,320,776,1057
36,ipc-button ipc-button--single-padding ipc-button--default-height ipc-button--core-accent1 ipc-button--theme-baseAlt section-title-with-button__button ipc-sub-grid-item ipc-sub-grid-item--span-4,div#IMDbHomepageSiteReactViews > main > div:nth-of-type(2) > div:nth-of-type(5) > div > a,0,Browse our What to Watch page,0,Browse our,A,/html/body/div/main/div[2]/div[5]/div/a,A,Browse our What to Watch page,31,331,435,1155
29,ipc-title ipc-title--subsection-title ipc-title--baseAlt ipc-title--on-textPrimary ipc-title-link-wrapper,div#IMDbHomepageSiteReactViews > main > div:nth-of-type(2) > div:nth-of-type(5) > section > div > div > a,0,From your Watchlist,0,From your ,A,/html/body/div/main/div[2]/div[5]/section/div/div/a,A,From your Watchlist,32,304,88,1221
36,ipc-button ipc-button--double-padding ipc-button--default-height ipc-button--core-accent1 ipc-button--theme-baseAlt from-your-watchlist__state__button,div#IMDbHomepageSiteReactViews > main > div:nth-of-type(2) > div:nth-of-type(5) > section > div > section > a,0,Sign in to IMDb,0,Sign in to,A,/html/body/div/main/div[2]/div[5]/section/div/section/a,A,Sign in to IMDb,33,164,518,1430
36,ipc-button ipc-button--single-padding ipc-button--default-height ipc-button--core-baseAlt ipc-button--theme-baseAlt ipc-outline-button ipc-sub-grid-item ipc-sub-grid-item--span-3,div#IMDbHomepageSiteReactViews > main > div:nth-of-type(2) > div:nth-of-type(6) > section > div:nth-of-type(2) > a,0,Watch Guide,0,Watch Guid,A,/html/body/div/main/div[2]/div[6]/section/div[2]/a,A,Watch Guide,34,236,104,1607
36,ipc-button ipc-button--single-padding ipc-button--default-height ipc-button--core-baseAlt ipc-button--theme-baseAlt ipc-outline-button ipc-sub-grid-item ipc-sub-grid-item--span-3,div#IMDbHomepageSiteReactViews > main > div:nth-of-type(2) > div:nth-of-type(6) > section > div:nth-of-type(2) > a:nth-of-type(2),0,Most Popular,0,Most Popul,A,/html/body/div/main/div[2]/div[6]/section/div[2]/a[2],A,Most Popular,35,236,356,1607
180,ipc-lockup-overlay ipc-focusable,div#IMDbHomepageSiteReactViews > main > div:nth-of-type(2) > div:nth-of-type(7) > section > div > div:nth-of-type(2) > div:nth-of-type(2) > div > div > a,0,1:57,0,1:57,A,/html/body/div/main/div[2]/div[7]/section/div/div[2]/div[2]/div/div/a,A,1:57,36,320,104,1815
60,Rwa4i3rwtfq5LpCcukrtG,div#IMDbHomepageSiteReactViews > main > div:nth-of-type(2) > div:nth-of-type(7) > section > div > div:nth-of-type(2) > div:nth-of-type(2) > div > a,0,5 Questions With Maria Bakalova From 'Borat 2',0,5 Question,A,/html/body/div/main/div[2]/div[7]/section/div/div[2]/div[2]/div/a,A,5 Questions With Maria Bakalova From 'Borat 2',37,320,104,1995
180,ipc-lockup-overlay ipc-focusable,div#IMDbHomepageSiteReactViews > main > div:nth-of-type(2) > div:nth-of-type(7) > section > div > div:nth-of-type(2) > div:nth-of-type(2) > div:nth-of-type(2) > div > a,0,4:48,0,4:48,A,/html/body/div/main/div[2]/div[7]/section/div/div[2]/div[2]/div[2]/div/a,A,4:48,38,320,440,1815
60,Rwa4i3rwtfq5LpCcukrtG,div#IMDbHomepageSiteReactViews > main > div:nth-of-type(2) > div:nth-of-type(7) > section > div > div:nth-of-type(2) > div:nth-of-type(2) > div:nth-of-type(2) > a,0,"The Weird, Wild History of the 'Star Wars' Holiday Specials",0,"The Weird,",A,/html/body/div/main/div[2]/div[7]/section/div/div[2]/div[2]/div[2]/a,A,"The Weird, Wild History of the 'Star Wars' Holiday Specials",39,320,440,1995
180,ipc-lockup-overlay ipc-focusable,div#IMDbHomepageSiteReactViews > main > div:nth-of-type(2) > div:nth-of-type(7) > section > div > div:nth-of-type(2) > div:nth-of-type(2) > div:nth-of-type(3) > div > a,0,2:47,0,2:47,A,/html/body/div/main/div[2]/div[7]/section/div/div[2]/div[2]/div[3]/div/a,A,2:47,40,320,776,1815
60,Rwa4i3rwtfq5LpCcukrtG,div#IMDbHomepageSiteReactViews > main > div:nth-of-type(2) > div:nth-of-type(7) > section > div > div:nth-of-type(2) > div:nth-of-type(2) > div:nth-of-type(3) > a,0,"How Letitia Wright Pushed Steve McQueen on ""Small Axe""",0,How Letiti,A,/html/body/div/main/div[2]/div[7]/section/div/div[2]/div[2]/div[3]/a,A,"How Letitia Wright Pushed Steve McQueen on ""Small Axe""",41,320,776,1995
225,ipc-lockup-overlay ipc-focusable,div#IMDbHomepageSiteReactViews > main > div:nth-of-type(2) > div:nth-of-type(8) > section > div > div:nth-of-type(2) > div:nth-of-type(2) > div > div > a,0,,0,,A,/html/body/div/main/div[2]/div[8]/section/div/div[2]/div[2]/div/div/a,A,,42,152,104,2239
40,ipc-poster-card__title ipc-poster-card__title--clamp-2 ipc-poster-card__title--clickable,div#IMDbHomepageSiteReactViews > main > div:nth-of-type(2) > div:nth-of-type(8) > section > div > div:nth-of-type(2) > div:nth-of-type(2) > div > a,0,Chicago Fire,0,Chicago Fi,A,/html/body/div/main/div[2]/div[8]/section/div/div[2]/div[2]/div/a,A,Chicago Fire,43,152,104,2508
36,ipc-button ipc-button--full-width ipc-button--default-height ipc-button--core-baseAlt ipc-button--theme-baseAlt ipc-button--on-accent2 ipc-secondary-button,div#IMDbHomepageSiteReactViews > main > div:nth-of-type(2) > div:nth-of-type(8) > section > div > div:nth-of-type(2) > div:nth-of-type(2) > div > div:nth-of-type(3) > a,0,Free on IMDb TV,0,Free on IM,A,/html/body/div/main/div[2]/div[8]/section/div/div[2]/div[2]/div/div[3]/a,A,Free on IMDb TV,44,136,112,2560
36,ipc-button ipc-button--single-padding ipc-button--default-height ipc-button--core-baseAlt ipc-button--theme-baseAlt ipc-button--on-textPrimary ipc-text-button watchable-title-card__trailers__trailers-text__wrapper,div#IMDbHomepageSiteReactViews > main > div:nth-of-type(2) > div:nth-of-type(8) > section > div > div:nth-of-type(2) > div:nth-of-type(2) > div > div:nth-of-type(4) > div > a,0,Trailer,0,Trailer,A,/html/body/div/main/div[2]/div[8]/section/div/div[2]/div[2]/div/div[4]/div/a,A,Trailer,45,95,132,2608
225,ipc-lockup-overlay ipc-focusable,div#IMDbHomepageSiteReactViews > main > div:nth-of-type(2) > div:nth-of-type(8) > section > div > div:nth-of-type(2) > div:nth-of-type(2) > div:nth-of-type(2) > div > a,0,,0,,A,/html/body/div/main/div[2]/div[8]/section/div/div[2]/div[2]/div[2]/div/a,A,,46,152,272,2239
40,ipc-poster-card__title ipc-poster-card__title--clamp-2 ipc-poster-card__title--clickable,div#IMDbHomepageSiteReactViews > main > div:nth-of-type(2) > div:nth-of-type(8) > section > div > div:nth-of-type(2) > div:nth-of-type(2) > div:nth-of-type(2) > a,0,Midsomer Murders,0,Midsomer M,A,/html/body/div/main/div[2]/div[8]/section/div/div[2]/div[2]/div[2]/a,A,Midsomer Murders,47,152,272,2508
36,ipc-button ipc-button--full-width ipc-button--default-height ipc-button--core-baseAlt ipc-button--theme-baseAlt ipc-button--on-accent2 ipc-secondary-button,div#IMDbHomepageSiteReactViews > main > div:nth-of-type(2) > div:nth-of-type(8) > section > div > div:nth-of-type(2) > div:nth-of-type(2) > div:nth-of-type(2) > div:nth-of-type(3) > a,0,Free on IMDb TV,0,Free on IM,A,/html/body/div/main/div[2]/div[8]/section/div/div[2]/div[2]/div[2]/div[3]/a,A,Free on IMDb TV,48,136,280,2560
36,ipc-button ipc-button--single-padding ipc-button--default-height ipc-button--core-baseAlt ipc-button--theme-baseAlt ipc-button--on-textPrimary ipc-text-button watchable-title-card__trailers__trailers-text__wrapper,div#IMDbHomepageSiteReactViews > main > div:nth-of-type(2) > div:nth-of-type(8) > section > div > div:nth-of-type(2) > div:nth-of-type(2) > div:nth-of-type(2) > div:nth-of-type(4) > div > a,0,Trailer,0,Trailer,A,/html/body/div/main/div[2]/div[8]/section/div/div[2]/div[2]/div[2]/div[4]/div/a,A,Trailer,49,95,300,2608
225,ipc-lockup-overlay ipc-focusable,div#IMDbHomepageSiteReactViews > main > div:nth-of-type(2) > div:nth-of-type(8) > section > div > div:nth-of-type(2) > div:nth-of-type(2) > div:nth-of-type(3) > div > a,0,,0,,A,/html/body/div/main/div[2]/div[8]/section/div/div[2]/div[2]/div[3]/div/a,A,,50,152,440,2239
40,ipc-poster-card__title ipc-poster-card__title--clamp-2 ipc-poster-card__title--clickable,div#IMDbHomepageSiteReactViews > main > div:nth-of-type(2) > div:nth-of-type(8) > section > div > div:nth-of-type(2) > div:nth-of-type(2) > div:nth-of-type(3) > a,0,Chicago Med,0,Chicago Me,A,/html/body/div/main/div[2]/div[8]/section/div/div[2]/div[2]/div[3]/a,A,Chicago Med,51,152,440,2508
36,ipc-button ipc-button--full-width ipc-button--default-height ipc-button--core-baseAlt ipc-button--theme-baseAlt ipc-button--on-accent2 ipc-secondary-button,div#IMDbHomepageSiteReactViews > main > div:nth-of-type(2) > div:nth-of-type(8) > section > div > div:nth-of-type(2) > div:nth-of-type(2) > div:nth-of-type(3) > div:nth-of-type(3) > a,0,Free on IMDb TV,0,Free on IM,A,/html/body/div/main/div[2]/div[8]/section/div/div[2]/div[2]/div[3]/div[3]/a,A,Free on IMDb TV,52,136,448,2560
36,ipc-button ipc-button--single-padding ipc-button--default-height ipc-button--core-baseAlt ipc-button--theme-baseAlt ipc-button--on-textPrimary ipc-text-button watchable-title-card__trailers__trailers-text__wrapper,div#IMDbHomepageSiteReactViews > main > div:nth-of-type(2) > div:nth-of-type(8) > section > div > div:nth-of-type(2) > div:nth-of-type(2) > div:nth-of-type(3) > div:nth-of-type(4) > div > a,0,Trailer,0,Trailer,A,/html/body/div/main/div[2]/div[8]/section/div/div[2]/div[2]/div[3]/div[4]/div/a,A,Trailer,53,95,468,2608
225,ipc-lockup-overlay ipc-focusable,div#IMDbHomepageSiteReactViews > main > div:nth-of-type(2) > div:nth-of-type(8) > section > div > div:nth-of-type(2) > div:nth-of-type(2) > div:nth-of-type(4) > div > a,0,,0,,A,/html/body/div/main/div[2]/div[8]/section/div/div[2]/div[2]/div[4]/div/a,A,,54,152,608,2239
40,ipc-poster-card__title ipc-poster-card__title--clamp-2 ipc-poster-card__title--clickable,div#IMDbHomepageSiteReactViews > main > div:nth-of-type(2) > div:nth-of-type(8) > section > div > div:nth-of-type(2) > div:nth-of-type(2) > div:nth-of-type(4) > a,0,The Hunger Games,0,The Hunger,A,/html/body/div/main/div[2]/div[8]/section/div/div[2]/div[2]/div[4]/a,A,The Hunger Games,55,152,608,2508
36,ipc-button ipc-button--full-width ipc-button--default-height ipc-button--core-baseAlt ipc-button--theme-baseAlt ipc-button--on-accent2 ipc-secondary-button,div#IMDbHomepageSiteReactViews > main > div:nth-of-type(2) > div:nth-of-type(8) > section > div > div:nth-of-type(2) > div:nth-of-type(2) > div:nth-of-type(4) > div:nth-of-type(3) > a,0,Free on IMDb TV,0,Free on IM,A,/html/body/div/main/div[2]/div[8]/section/div/div[2]/div[2]/div[4]/div[3]/a,A,Free on IMDb TV,56,136,616,2560
36,ipc-button ipc-button--single-padding ipc-button--default-height ipc-button--core-baseAlt ipc-button--theme-baseAlt ipc-button--on-textPrimary ipc-text-button watchable-title-card__trailers__trailers-text__wrapper,div#IMDbHomepageSiteReactViews > main > div:nth-of-type(2) > div:nth-of-type(8) > section > div > div:nth-of-type(2) > div:nth-of-type(2) > div:nth-of-type(4) > div:nth-of-type(4) > div > a,0,Trailer,0,Trailer,A,/html/body/div/main/div[2]/div[8]/section/div/div[2]/div[2]/div[4]/div[4]/div/a,A,Trailer,57,95,636,2608
225,ipc-lockup-overlay ipc-focusable,div#IMDbHomepageSiteReactViews > main > div:nth-of-type(2) > div:nth-of-type(8) > section > div > div:nth-of-type(2) > div:nth-of-type(2) > div:nth-of-type(5) > div > a,0,,0,,A,/html/body/div/main/div[2]/div[8]/section/div/div[2]/div[2]/div[5]/div/a,A,,58,152,776,2239
40,ipc-poster-card__title ipc-poster-card__title--clamp-2 ipc-poster-card__title--clickable,div#IMDbHomepageSiteReactViews > main > div:nth-of-type(2) > div:nth-of-type(8) > section > div > div:nth-of-type(2) > div:nth-of-type(2) > div:nth-of-type(5) > a,0,Spartacus,0,Spartacus,A,/html/body/div/main/div[2]/div[8]/section/div/div[2]/div[2]/div[5]/a,A,Spartacus,59,152,776,2508
36,ipc-button ipc-button--full-width ipc-button--default-height ipc-button--core-baseAlt ipc-button--theme-baseAlt ipc-button--on-accent2 ipc-secondary-button,div#IMDbHomepageSiteReactViews > main > div:nth-of-type(2) > div:nth-of-type(8) > section > div > div:nth-of-type(2) > div:nth-of-type(2) > div:nth-of-type(5) > div:nth-of-type(3) > a,0,Free on IMDb TV,0,Free on IM,A,/html/body/div/main/div[2]/div[8]/section/div/div[2]/div[2]/div[5]/div[3]/a,A,Free on IMDb TV,60,136,784,2560
36,ipc-button ipc-button--single-padding ipc-button--default-height ipc-button--core-baseAlt ipc-button--theme-baseAlt ipc-button--on-textPrimary ipc-text-button watchable-title-card__trailers__trailers-text__wrapper,div#IMDbHomepageSiteReactViews > main > div:nth-of-type(2) > div:nth-of-type(8) > section > div > div:nth-of-type(2) > div:nth-of-type(2) > div:nth-of-type(5) > div:nth-of-type(4) > div > a,0,Trailer,0,Trailer,A,/html/body/div/main/div[2]/div[8]/section/div/div[2]/div[2]/div[5]/div[4]/div/a,A,Trailer,61,95,804,2608
225,ipc-lockup-overlay ipc-focusable,div#IMDbHomepageSiteReactViews > main > div:nth-of-type(2) > div:nth-of-type(8) > section > div > div:nth-of-type(2) > div:nth-of-type(2) > div:nth-of-type(6) > div > a,0,,0,,A,/html/body/div/main/div[2]/div[8]/section/div/div[2]/div[2]/div[6]/div/a,A,,62,152,944,2239
40,ipc-poster-card__title ipc-poster-card__title--clamp-2 ipc-poster-card__title--clickable,div#IMDbHomepageSiteReactViews > main > div:nth-of-type(2) > div:nth-of-type(8) > section > div > div:nth-of-type(2) > div:nth-of-type(2) > div:nth-of-type(6) > a,0,Tombstone,0,Tombstone,A,/html/body/div/main/div[2]/div[8]/section/div/div[2]/div[2]/div[6]/a,A,Tombstone,63,152,944,2508
36,ipc-button ipc-button--full-width ipc-button--default-height ipc-button--core-baseAlt ipc-button--theme-baseAlt ipc-button--on-accent2 ipc-secondary-button,div#IMDbHomepageSiteReactViews > main > div:nth-of-type(2) > div:nth-of-type(8) > section > div > div:nth-of-type(2) > div:nth-of-type(2) > div:nth-of-type(6) > div:nth-of-type(3) > a,0,Free on IMDb TV,0,Free on IM,A,/html/body/div/main/div[2]/div[8]/section/div/div[2]/div[2]/div[6]/div[3]/a,A,Free on IMDb TV,64,136,952,2560
61,ipc-title ipc-title--subsection-title ipc-title--baseAlt ipc-title--on-textPrimary ipc-title-link-wrapper,div#IMDbHomepageSiteReactViews > main > div:nth-of-type(2) > div:nth-of-type(9) > section > div > div > a,0,In theatersShowtimes near you,0,In theater,A,/html/body/div/main/div[2]/div[9]/section/div/div/a,A,In theatersShowtimes near you,65,194,88,2760
225,ipc-lockup-overlay _3GXpzeAzwFe-MFkXczjtu ipc-focusable,div#IMDbHomepageSiteReactViews > main > div:nth-of-type(2) > div:nth-of-type(9) > section > div > div:nth-of-type(2) > div:nth-of-type(2) > div > div > a,0,,0,,A,/html/body/div/main/div[2]/div[9]/section/div/div[2]/div[2]/div/div/a,A,,66,152,104,2837
40,ipc-poster-card__title ipc-poster-card__title--clamp-2 ipc-poster-card__title--clickable,div#IMDbHomepageSiteReactViews > main > div:nth-of-type(2) > div:nth-of-type(9) > section > div > div:nth-of-type(2) > div:nth-of-type(2) > div > a,0,Tenet,0,Tenet,A,/html/body/div/main/div[2]/div[9]/section/div/div[2]/div[2]/div/a,A,Tenet,67,152,104,3106
36,ipc-button ipc-button--full-width ipc-button--default-height ipc-button--core-baseAlt ipc-button--theme-baseAlt ipc-button--on-accent2 ipc-secondary-button,div#IMDbHomepageSiteReactViews > main > div:nth-of-type(2) > div:nth-of-type(9) > section > div > div:nth-of-type(2) > div:nth-of-type(2) > div > div:nth-of-type(3) > a,0,Showtimes,0,Showtimes,A,/html/body/div/main/div[2]/div[9]/section/div/div[2]/div[2]/div/div[3]/a,A,Showtimes,68,136,112,3158
36,ipc-button ipc-button--single-padding ipc-button--default-height ipc-button--core-baseAlt ipc-button--theme-baseAlt ipc-button--on-textPrimary ipc-text-button in-theaters__title-card__trailer-button,div#IMDbHomepageSiteReactViews > main > div:nth-of-type(2) > div:nth-of-type(9) > section > div > div:nth-of-type(2) > div:nth-of-type(2) > div > div:nth-of-type(4) > a,0,Trailer,0,Trailer,A,/html/body/div/main/div[2]/div[9]/section/div/div[2]/div[2]/div/div[4]/a,A,Trailer,69,95,132,3206
225,ipc-lockup-overlay _3GXpzeAzwFe-MFkXczjtu ipc-focusable,div#IMDbHomepageSiteReactViews > main > div:nth-of-type(2) > div:nth-of-type(9) > section > div > div:nth-of-type(2) > div:nth-of-type(2) > div:nth-of-type(2) > div > a,0,,0,,A,/html/body/div/main/div[2]/div[9]/section/div/div[2]/div[2]/div[2]/div/a,A,,70,152,272,2837
40,ipc-poster-card__title ipc-poster-card__title--clamp-2 ipc-poster-card__title--clickable,div#IMDbHomepageSiteReactViews > main > div:nth-of-type(2) > div:nth-of-type(9) > section > div > div:nth-of-type(2) > div:nth-of-type(2) > div:nth-of-type(2) > a,0,Freaky,0,Freaky,A,/html/body/div/main/div[2]/div[9]/section/div/div[2]/div[2]/div[2]/a,A,Freaky,71,152,272,3106
36,ipc-button ipc-button--full-width ipc-button--default-height ipc-button--core-baseAlt ipc-button--theme-baseAlt ipc-button--on-accent2 ipc-secondary-button,div#IMDbHomepageSiteReactViews > main > div:nth-of-type(2) > div:nth-of-type(9) > section > div > div:nth-of-type(2) > div:nth-of-type(2) > div:nth-of-type(2) > div:nth-of-type(3) > a,0,Showtimes,0,Showtimes,A,/html/body/div/main/div[2]/div[9]/section/div/div[2]/div[2]/div[2]/div[3]/a,A,Showtimes,72,136,280,3158
36,ipc-button ipc-button--single-padding ipc-button--default-height ipc-button--core-baseAlt ipc-button--theme-baseAlt ipc-button--on-textPrimary ipc-text-button in-theaters__title-card__trailer-button,div#IMDbHomepageSiteReactViews > main > div:nth-of-type(2) > div:nth-of-type(9) > section > div > div:nth-of-type(2) > div:nth-of-type(2) > div:nth-of-type(2) > div:nth-of-type(4) > a,0,Trailer,0,Trailer,A,/html/body/div/main/div[2]/div[9]/section/div/div[2]/div[2]/div[2]/div[4]/a,A,Trailer,73,95,300,3206
225,ipc-lockup-overlay _3GXpzeAzwFe-MFkXczjtu ipc-focusable,div#IMDbHomepageSiteReactViews > main > div:nth-of-type(2) > div:nth-of-type(9) > section > div > div:nth-of-type(2) > div:nth-of-type(2) > div:nth-of-type(3) > div > a,0,,0,,A,/html/body/div/main/div[2]/div[9]/section/div/div[2]/div[2]/div[3]/div/a,A,,74,152,440,2837
40,ipc-poster-card__title ipc-poster-card__title--clamp-2 ipc-poster-card__title--clickable,div#IMDbHomepageSiteReactViews > main > div:nth-of-type(2) > div:nth-of-type(9) > section > div > div:nth-of-type(2) > div:nth-of-type(2) > div:nth-of-type(3) > a,0,Vanguard,0,Vanguard,A,/html/body/div/main/div[2]/div[9]/section/div/div[2]/div[2]/div[3]/a,A,Vanguard,75,152,440,3106
36,ipc-button ipc-button--full-width ipc-button--default-height ipc-button--core-baseAlt ipc-button--theme-baseAlt ipc-button--on-accent2 ipc-secondary-button,div#IMDbHomepageSiteReactViews > main > div:nth-of-type(2) > div:nth-of-type(9) > section > div > div:nth-of-type(2) > div:nth-of-type(2) > div:nth-of-type(3) > div:nth-of-type(3) > a,0,Showtimes,0,Showtimes,A,/html/body/div/main/div[2]/div[9]/section/div/div[2]/div[2]/div[3]/div[3]/a,A,Showtimes,76,136,448,3158
36,ipc-button ipc-button--single-padding ipc-button--default-height ipc-button--core-baseAlt ipc-button--theme-baseAlt ipc-button--on-textPrimary ipc-text-button in-theaters__title-card__trailer-button,div#IMDbHomepageSiteReactViews > main > div:nth-of-type(2) > div:nth-of-type(9) > section > div > div:nth-of-type(2) > div:nth-of-type(2) > div:nth-of-type(3) > div:nth-of-type(4) > a,0,Trailer,0,Trailer,A,/html/body/div/main/div[2]/div[9]/section/div/div[2]/div[2]/div[3]/div[4]/a,A,Trailer,77,95,468,3206
225,ipc-lockup-overlay _3GXpzeAzwFe-MFkXczjtu ipc-focusable,div#IMDbHomepageSiteReactViews > main > div:nth-of-type(2) > div:nth-of-type(9) > section > div > div:nth-of-type(2) > div:nth-of-type(2) > div:nth-of-type(4) > div > a,0,,0,,A,/html/body/div/main/div[2]/div[9]/section/div/div[2]/div[2]/div[4]/div/a,A,,78,152,608,2837
40,ipc-poster-card__title ipc-poster-card__title--clamp-2 ipc-poster-card__title--clickable,div#IMDbHomepageSiteReactViews > main > div:nth-of-type(2) > div:nth-of-type(9) > section > div > div:nth-of-type(2) > div:nth-of-type(2) > div:nth-of-type(4) > a,0,The Santa Clause,0,The Santa ,A,/html/body/div/main/div[2]/div[9]/section/div/div[2]/div[2]/div[4]/a,A,The Santa Clause,79,152,608,3106
36,ipc-button ipc-button--full-width ipc-button--default-height ipc-button--core-baseAlt ipc-button--theme-baseAlt ipc-button--on-accent2 ipc-secondary-button,div#IMDbHomepageSiteReactViews > main > div:nth-of-type(2) > div:nth-of-type(9) > section > div > div:nth-of-type(2) > div:nth-of-type(2) > div:nth-of-type(4) > div:nth-of-type(3) > a,0,Showtimes,0,Showtimes,A,/html/body/div/main/div[2]/div[9]/section/div/div[2]/div[2]/div[4]/div[3]/a,A,Showtimes,80,136,616,3158
36,ipc-button ipc-button--single-padding ipc-button--default-height ipc-button--core-baseAlt ipc-button--theme-baseAlt ipc-button--on-textPrimary ipc-text-button in-theaters__title-card__trailer-button,div#IMDbHomepageSiteReactViews > main > div:nth-of-type(2) > div:nth-of-type(9) > section > div > div:nth-of-type(2) > div:nth-of-type(2) > div:nth-of-type(4) > div:nth-of-type(4) > a,0,Trailer,0,Trailer,A,/html/body/div/main/div[2]/div[9]/section/div/div[2]/div[2]/div[4]/div[4]/a,A,Trailer,81,95,636,3206
225,ipc-lockup-overlay _3GXpzeAzwFe-MFkXczjtu ipc-focusable,div#IMDbHomepageSiteReactViews > main > div:nth-of-type(2) > div:nth-of-type(9) > section > div > div:nth-of-type(2) > div:nth-of-type(2) > div:nth-of-type(5) > div > a,0,,0,,A,/html/body/div/main/div[2]/div[9]/section/div/div[2]/div[2]/div[5]/div/a,A,,82,152,776,2837
40,ipc-poster-card__title ipc-poster-card__title--clamp-2 ipc-poster-card__title--clickable,div#IMDbHomepageSiteReactViews > main > div:nth-of-type(2) > div:nth-of-type(9) > section > div > div:nth-of-type(2) > div:nth-of-type(2) > div:nth-of-type(5) > a,0,Let Him Go,0,Let Him Go,A,/html/body/div/main/div[2]/div[9]/section/div/div[2]/div[2]/div[5]/a,A,Let Him Go,83,152,776,3106
36,ipc-button ipc-button--full-width ipc-button--default-height ipc-button--core-baseAlt ipc-button--theme-baseAlt ipc-button--on-accent2 ipc-secondary-button,div#IMDbHomepageSiteReactViews > main > div:nth-of-type(2) > div:nth-of-type(9) > section > div > div:nth-of-type(2) > div:nth-of-type(2) > div:nth-of-type(5) > div:nth-of-type(3) > a,0,Showtimes,0,Showtimes,A,/html/body/div/main/div[2]/div[9]/section/div/div[2]/div[2]/div[5]/div[3]/a,A,Showtimes,84,136,784,3158
36,ipc-button ipc-button--single-padding ipc-button--default-height ipc-button--core-baseAlt ipc-button--theme-baseAlt ipc-button--on-textPrimary ipc-text-button in-theaters__title-card__trailer-button,div#IMDbHomepageSiteReactViews > main > div:nth-of-type(2) > div:nth-of-type(9) > section > div > div:nth-of-type(2) > div:nth-of-type(2) > div:nth-of-type(5) > div:nth-of-type(4) > a,0,Trailer,0,Trailer,A,/html/body/div/main/div[2]/div[9]/section/div/div[2]/div[2]/div[5]/div[4]/a,A,Trailer,85,95,804,3206
225,ipc-lockup-overlay _3GXpzeAzwFe-MFkXczjtu ipc-focusable,div#IMDbHomepageSiteReactViews > main > div:nth-of-type(2) > div:nth-of-type(9) > section > div > div:nth-of-type(2) > div:nth-of-type(2) > div:nth-of-type(6) > div > a,0,,0,,A,/html/body/div/main/div[2]/div[9]/section/div/div[2]/div[2]/div[6]/div/a,A,,86,152,944,2837
40,ipc-poster-card__title ipc-poster-card__title--clamp-2 ipc-poster-card__title--clickable,div#IMDbHomepageSiteReactViews > main > div:nth-of-type(2) > div:nth-of-type(9) > section > div > div:nth-of-type(2) > div:nth-of-type(2) > div:nth-of-type(6) > a,0,The War with Grandpa,0,The War wi,A,/html/body/div/main/div[2]/div[9]/section/div/div[2]/div[2]/div[6]/a,A,The War with Grandpa,87,152,944,3106
36,ipc-button ipc-button--full-width ipc-button--default-height ipc-button--core-baseAlt ipc-button--theme-baseAlt ipc-button--on-accent2 ipc-secondary-button,div#IMDbHomepageSiteReactViews > main > div:nth-of-type(2) > div:nth-of-type(9) > section > div > div:nth-of-type(2) > div:nth-of-type(2) > div:nth-of-type(6) > div:nth-of-type(3) > a,0,Showtimes,0,Showtimes,A,/html/body/div/main/div[2]/div[9]/section/div/div[2]/div[2]/div[6]/div[3]/a,A,Showtimes,88,136,952,3158
36,ipc-button ipc-button--single-padding ipc-button--default-height ipc-button--core-baseAlt ipc-button--theme-baseAlt ipc-button--on-textPrimary ipc-text-button in-theaters__title-card__trailer-button,div#IMDbHomepageSiteReactViews > main > div:nth-of-type(2) > div:nth-of-type(9) > section > div > div:nth-of-type(2) > div:nth-of-type(2) > div:nth-of-type(6) > div:nth-of-type(4) > a,0,Trailer,0,Trailer,A,/html/body/div/main/div[2]/div[9]/section/div/div[2]/div[2]/div[6]/div[4]/a,A,Trailer,89,95,972,3206
61,ipc-title ipc-title--subsection-title ipc-title--baseAlt ipc-title--on-textPrimary ipc-title-link-wrapper,div#IMDbHomepageSiteReactViews > main > div:nth-of-type(2) > div:nth-of-type(9) > section:nth-of-type(2) > div > div > a,0,Top box office (US)Weekend of November 13-15,0,Top box of,A,/html/body/div/main/div[2]/div[9]/section[2]/div/div/a,A,Top box office (US)Weekend of November 13-15,90,291,88,3302
48,_11IVbOxkxjOivZxGj2SCqX boxOfficeTitleLink,div#IMDbHomepageSiteReactViews > main > div:nth-of-type(2) > div:nth-of-type(9) > section:nth-of-type(2) > div > div:nth-of-type(2) > div > div > a,0,Freaky$3.6M,0,Freaky$3.6,A,/html/body/div/main/div[2]/div[9]/section[2]/div/div[2]/div/div/a,A,Freaky$3.6M,91,370,166,3391
48,ipc-icon-link ipc-icon-link--baseAlt ipc-icon-link--onAccent2,div#IMDbHomepageSiteReactViews > main > div:nth-of-type(2) > div:nth-of-type(9) > section:nth-of-type(2) > div > div:nth-of-type(2) > div > div > a:nth-of-type(2),0,,0,,A,/html/body/div/main/div[2]/div[9]/section[2]/div/div[2]/div/div/a[2],A,,92,48,536,3391
48,_11IVbOxkxjOivZxGj2SCqX boxOfficeTitleLink,div#IMDbHomepageSiteReactViews > main > div:nth-of-type(2) > div:nth-of-type(9) > section:nth-of-type(2) > div > div:nth-of-type(2) > div > div:nth-of-type(2) > a,0,Let Him Go$1.7M,0,Let Him Go,A,/html/body/div/main/div[2]/div[9]/section[2]/div/div[2]/div/div[2]/a,A,Let Him Go$1.7M,93,370,166,3463
48,ipc-icon-link ipc-icon-link--baseAlt ipc-icon-link--onAccent2,div#IMDbHomepageSiteReactViews > main > div:nth-of-type(2) > div:nth-of-type(9) > section:nth-of-type(2) > div > div:nth-of-type(2) > div > div:nth-of-type(2) > a:nth-of-type(2),0,,0,,A,/html/body/div/main/div[2]/div[9]/section[2]/div/div[2]/div/div[2]/a[2],A,,94,48,536,3463
48,_11IVbOxkxjOivZxGj2SCqX boxOfficeTitleLink,div#IMDbHomepageSiteReactViews > main > div:nth-of-type(2) > div:nth-of-type(9) > section:nth-of-type(2) > div > div:nth-of-type(2) > div > div:nth-of-type(3) > a,0,The War with Grandpa$1.3M,0,The War wi,A,/html/body/div/main/div[2]/div[9]/section[2]/div/div[2]/div/div[3]/a,A,The War with Grandpa$1.3M,95,370,166,3535
48,ipc-icon-link ipc-icon-link--baseAlt ipc-icon-link--onAccent2,div#IMDbHomepageSiteReactViews > main > div:nth-of-type(2) > div:nth-of-type(9) > section:nth-of-type(2) > div > div:nth-of-type(2) > div > div:nth-of-type(3) > a:nth-of-type(2),0,,0,,A,/html/body/div/main/div[2]/div[9]/section[2]/div/div[2]/div/div[3]/a[2],A,,96,48,536,3535
48,_11IVbOxkxjOivZxGj2SCqX boxOfficeTitleLink,div#IMDbHomepageSiteReactViews > main > div:nth-of-type(2) > div:nth-of-type(9) > section:nth-of-type(2) > div > div:nth-of-type(2) > div > div:nth-of-type(4) > a,0,Come Play$1.1M,0,Come Play$,A,/html/body/div/main/div[2]/div[9]/section[2]/div/div[2]/div/div[4]/a,A,Come Play$1.1M,97,370,678,3391
48,ipc-icon-link ipc-icon-link--baseAlt ipc-icon-link--onAccent2,div#IMDbHomepageSiteReactViews > main > div:nth-of-type(2) > div:nth-of-type(9) > section:nth-of-type(2) > div > div:nth-of-type(2) > div > div:nth-of-type(4) > a:nth-of-type(2),0,,0,,A,/html/body/div/main/div[2]/div[9]/section[2]/div/div[2]/div/div[4]/a[2],A,,98,48,1048,3391
48,_11IVbOxkxjOivZxGj2SCqX boxOfficeTitleLink,div#IMDbHomepageSiteReactViews > main > div:nth-of-type(2) > div:nth-of-type(9) > section:nth-of-type(2) > div > div:nth-of-type(2) > div > div:nth-of-type(5) > a,0,Honest Thief$780K,0,Honest Thi,A,/html/body/div/main/div[2]/div[9]/section[2]/div/div[2]/div/div[5]/a,A,Honest Thief$780K,99,370,678,3463
48,ipc-icon-link ipc-icon-link--baseAlt ipc-icon-link--onAccent2,div#IMDbHomepageSiteReactViews > main > div:nth-of-type(2) > div:nth-of-type(9) > section:nth-of-type(2) > div > div:nth-of-type(2) > div > div:nth-of-type(5) > a:nth-of-type(2),0,,0,,A,/html/body/div/main/div[2]/div[9]/section[2]/div/div[2]/div/div[5]/a[2],A,,100,48,1048,3463
48,_11IVbOxkxjOivZxGj2SCqX boxOfficeTitleLink,div#IMDbHomepageSiteReactViews > main > div:nth-of-type(2) > div:nth-of-type(9) > section:nth-of-type(2) > div > div:nth-of-type(2) > div > div:nth-of-type(6) > a,0,Tenet$735K,0,Tenet$735K,A,/html/body/div/main/div[2]/div[9]/section[2]/div/div[2]/div/div[6]/a,A,Tenet$735K,101,370,678,3535
48,ipc-icon-link ipc-icon-link--baseAlt ipc-icon-link--onAccent2,div#IMDbHomepageSiteReactViews > main > div:nth-of-type(2) > div:nth-of-type(9) > section:nth-of-type(2) > div > div:nth-of-type(2) > div > div:nth-of-type(6) > a:nth-of-type(2),0,,0,,A,/html/body/div/main/div[2]/div[9]/section[2]/div/div[2]/div/div[6]/a[2],A,,102,48,1048,3535
61,ipc-title ipc-title--subsection-title ipc-title--baseAlt ipc-title--on-textPrimary ipc-title-link-wrapper,div#IMDbHomepageSiteReactViews > main > div:nth-of-type(2) > div:nth-of-type(9) > section:nth-of-type(3) > div > div > a,0,Coming soon to theatersTrailers for upcoming releases,0,Coming soo,A,/html/body/div/main/div[2]/div[9]/section[3]/div/div/a,A,Coming soon to theatersTrailers for upcoming releases,103,355,88,3635
180,ipc-lockup-overlay ipc-focusable,div#IMDbHomepageSiteReactViews > main > div:nth-of-type(2) > div:nth-of-type(9) > section:nth-of-type(3) > div > div:nth-of-type(2) > div:nth-of-type(2) > div > div > div > a,0,1:01,0,1:01,A,/html/body/div/main/div[2]/div[9]/section[3]/div/div[2]/div[2]/div/div/div/a,A,1:01,104,320,104,3712
42,_27VmjmI0RT8lyIOdkQPBzJ comingSoonTitlePage,div#IMDbHomepageSiteReactViews > main > div:nth-of-type(2) > div:nth-of-type(9) > section:nth-of-type(3) > div > div:nth-of-type(2) > div:nth-of-type(2) > div > div > div:nth-of-type(2) > div:nth-of-type(2) > a,0,Nov 25The Croods: A New Age,0,Nov 25The ,A,/html/body/div/main/div[2]/div[9]/section[3]/div/div[2]/div[2]/div/div/div[2]/div[2]/a,A,Nov 25The Croods: A New Age,105,276,148,3910
32,ipc-link ipc-link--baseAlt ipc-link--touch-target _3e6qE0OaCSdJbvRf62axig,div#IMDbHomepageSiteReactViews > main > div:nth-of-type(2) > div:nth-of-type(9) > section:nth-of-type(3) > div > div:nth-of-type(2) > div:nth-of-type(2) > div > div > div:nth-of-type(2) > div:nth-of-type(2) > a:nth-of-type(2),0,Get tickets,0,Get ticket,A,/html/body/div/main/div[2]/div[9]/section[3]/div/div[2]/div[2]/div/div/div[2]/div[2]/a[2],A,Get tickets,106,276,148,3952
180,ipc-lockup-overlay ipc-focusable,div#IMDbHomepageSiteReactViews > main > div:nth-of-type(2) > div:nth-of-type(9) > section:nth-of-type(3) > div > div:nth-of-type(2) > div:nth-of-type(2) > div:nth-of-type(2) > div > div > a,0,1:18,0,1:18,A,/html/body/div/main/div[2]/div[9]/section[3]/div/div[2]/div[2]/div[2]/div/div/a,A,1:18,107,320,440,3712
42,_27VmjmI0RT8lyIOdkQPBzJ comingSoonTitlePage,div#IMDbHomepageSiteReactViews > main > div:nth-of-type(2) > div:nth-of-type(9) > section:nth-of-type(3) > div > div:nth-of-type(2) > div:nth-of-type(2) > div:nth-of-type(2) > div > div:nth-of-type(2) > div:nth-of-type(2) > a,0,Nov 27A Christmas Carol,0,Nov 27A Ch,A,/html/body/div/main/div[2]/div[9]/section[3]/div/div[2]/div[2]/div[2]/div/div[2]/div[2]/a,A,Nov 27A Christmas Carol,108,276,484,3910
180,ipc-lockup-overlay ipc-focusable,div#IMDbHomepageSiteReactViews > main > div:nth-of-type(2) > div:nth-of-type(9) > section:nth-of-type(3) > div > div:nth-of-type(2) > div:nth-of-type(2) > div:nth-of-type(3) > div > div > a,0,2:16,0,2:16,A,/html/body/div/main/div[2]/div[9]/section[3]/div/div[2]/div[2]/div[3]/div/div/a,A,2:16,109,320,776,3712
42,_27VmjmI0RT8lyIOdkQPBzJ comingSoonTitlePage,div#IMDbHomepageSiteReactViews > main > div:nth-of-type(2) > div:nth-of-type(9) > section:nth-of-type(3) > div > div:nth-of-type(2) > div:nth-of-type(2) > div:nth-of-type(3) > div > div:nth-of-type(2) > div:nth-of-type(2) > a,0,Nov 28Malibu Road,0,Nov 28Mali,A,/html/body/div/main/div[2]/div[9]/section[3]/div/div[2]/div[2]/div[3]/div/div[2]/div[2]/a,A,Nov 28Malibu Road,110,276,820,3910
180,ipc-lockup-overlay ipc-focusable,div#IMDbHomepageSiteReactViews > main > div:nth-of-type(2) > div:nth-of-type(9) > section:nth-of-type(3) > div > div:nth-of-type(2) > div:nth-of-type(2) > div:nth-of-type(4) > div > div > a,0,2:08,0,2:08,A,/html/body/div/main/div[2]/div[9]/section[3]/div/div[2]/div[2]/div[4]/div/div/a,A,2:08,111,320,1112,3712
42,_27VmjmI0RT8lyIOdkQPBzJ comingSoonTitlePage,div#IMDbHomepageSiteReactViews > main > div:nth-of-type(2) > div:nth-of-type(9) > section:nth-of-type(3) > div > div:nth-of-type(2) > div:nth-of-type(2) > div:nth-of-type(4) > div > div:nth-of-type(2) > div:nth-of-type(2) > a,0,Dec 1The Loss Adjuster,0,Dec 1The L,A,/html/body/div/main/div[2]/div[9]/section[3]/div/div[2]/div[2]/div[4]/div/div[2]/div[2]/a,A,Dec 1The Loss Adjuster,112,276,1156,3910
180,ipc-lockup-overlay ipc-focusable,div#IMDbHomepageSiteReactViews > main > div:nth-of-type(2) > div:nth-of-type(9) > section:nth-of-type(3) > div > div:nth-of-type(2) > div:nth-of-type(2) > div:nth-of-type(5) > div > div > a,0,2:24,0,2:24,A,/html/body/div/main/div[2]/div[9]/section[3]/div/div[2]/div[2]/div[5]/div/div/a,A,2:24,113,320,1448,3712
42,_27VmjmI0RT8lyIOdkQPBzJ comingSoonTitlePage,div#IMDbHomepageSiteReactViews > main > div:nth-of-type(2) > div:nth-of-type(9) > section:nth-of-type(3) > div > div:nth-of-type(2) > div:nth-of-type(2) > div:nth-of-type(5) > div > div:nth-of-type(2) > div:nth-of-type(2) > a,0,Dec 4Half Brothers,0,Dec 4Half ,A,/html/body/div/main/div[2]/div[9]/section[3]/div/div[2]/div[2]/div[5]/div/div[2]/div[2]/a,A,Dec 4Half Brothers,114,276,1492,3910
180,ipc-lockup-overlay ipc-focusable,div#IMDbHomepageSiteReactViews > main > div:nth-of-type(2) > div:nth-of-type(9) > section:nth-of-type(3) > div > div:nth-of-type(2) > div:nth-of-type(2) > div:nth-of-type(6) > div > div > a,0,2:22,0,2:22,A,/html/body/div/main/div[2]/div[9]/section[3]/div/div[2]/div[2]/div[6]/div/div/a,A,2:22,115,320,1784,3712
42,_27VmjmI0RT8lyIOdkQPBzJ comingSoonTitlePage,div#IMDbHomepageSiteReactViews > main > div:nth-of-type(2) > div:nth-of-type(9) > section:nth-of-type(3) > div > div:nth-of-type(2) > div:nth-of-type(2) > div:nth-of-type(6) > div > div:nth-of-type(2) > div:nth-of-type(2) > a,0,"Dec 4Love, Weddings & Other Disasters",0,"Dec 4Love,",A,/html/body/div/main/div[2]/div[9]/section[3]/div/div[2]/div[2]/div[6]/div/div[2]/div[2]/a,A,"Dec 4Love, Weddings & Other Disasters",116,276,1828,3910
180,ipc-lockup-overlay ipc-focusable,div#IMDbHomepageSiteReactViews > main > div:nth-of-type(2) > div:nth-of-type(9) > section:nth-of-type(3) > div > div:nth-of-type(2) > div:nth-of-type(2) > div:nth-of-type(7) > div > div > a,0,2:01,0,2:01,A,/html/body/div/main/div[2]/div[9]/section[3]/div/div[2]/div[2]/div[7]/div/div/a,A,2:01,117,320,2120,3712
42,_27VmjmI0RT8lyIOdkQPBzJ comingSoonTitlePage,div#IMDbHomepageSiteReactViews > main > div:nth-of-type(2) > div:nth-of-type(9) > section:nth-of-type(3) > div > div:nth-of-type(2) > div:nth-of-type(2) > div:nth-of-type(7) > div > div:nth-of-type(2) > div:nth-of-type(2) > a,0,Dec 8Monsters of Man,0,Dec 8Monst,A,/html/body/div/main/div[2]/div[9]/section[3]/div/div[2]/div[2]/div[7]/div/div[2]/div[2]/a,A,Dec 8Monsters of Man,118,276,2164,3910
180,ipc-lockup-overlay ipc-focusable,div#IMDbHomepageSiteReactViews > main > div:nth-of-type(2) > div:nth-of-type(9) > section:nth-of-type(3) > div > div:nth-of-type(2) > div:nth-of-type(2) > div:nth-of-type(8) > div > div > a,0,1:53,0,1:53,A,/html/body/div/main/div[2]/div[9]/section[3]/div/div[2]/div[2]/div[8]/div/div/a,A,1:53,119,320,2456,3712
42,_27VmjmI0RT8lyIOdkQPBzJ comingSoonTitlePage,div#IMDbHomepageSiteReactViews > main > div:nth-of-type(2) > div:nth-of-type(9) > section:nth-of-type(3) > div > div:nth-of-type(2) > div:nth-of-type(2) > div:nth-of-type(8) > div > div:nth-of-type(2) > div:nth-of-type(2) > a,0,Dec 10Let Them All Talk,0,Dec 10Let ,A,/html/body/div/main/div[2]/div[9]/section[3]/div/div[2]/div[2]/div[8]/div/div[2]/div[2]/a,A,Dec 10Let Them All Talk,120,276,2500,3910
180,ipc-lockup-overlay ipc-focusable,div#IMDbHomepageSiteReactViews > main > div:nth-of-type(2) > div:nth-of-type(9) > section:nth-of-type(3) > div > div:nth-of-type(2) > div:nth-of-type(2) > div:nth-of-type(9) > div > div > a,0,2:52,0,2:52,A,/html/body/div/main/div[2]/div[9]/section[3]/div/div[2]/div[2]/div[9]/div/div/a,A,2:52,121,320,2792,3712
42,_27VmjmI0RT8lyIOdkQPBzJ comingSoonTitlePage,div#IMDbHomepageSiteReactViews > main > div:nth-of-type(2) > div:nth-of-type(9) > section:nth-of-type(3) > div > div:nth-of-type(2) > div:nth-of-type(2) > div:nth-of-type(9) > div > div:nth-of-type(2) > div:nth-of-type(2) > a,0,Dec 11Wild Mountain Thyme,0,Dec 11Wild,A,/html/body/div/main/div[2]/div[9]/section[3]/div/div[2]/div[2]/div[9]/div/div[2]/div[2]/a,A,Dec 11Wild Mountain Thyme,122,276,2836,3910
180,ipc-lockup-overlay ipc-focusable,div#IMDbHomepageSiteReactViews > main > div:nth-of-type(2) > div:nth-of-type(9) > section:nth-of-type(3) > div > div:nth-of-type(2) > div:nth-of-type(2) > div:nth-of-type(10) > div > div > a,0,2:25,0,2:25,A,/html/body/div/main/div[2]/div[9]/section[3]/div/div[2]/div[2]/div[10]/div/div/a,A,2:25,123,320,3128,3712
42,_27VmjmI0RT8lyIOdkQPBzJ comingSoonTitlePage,div#IMDbHomepageSiteReactViews > main > div:nth-of-type(2) > div:nth-of-type(9) > section:nth-of-type(3) > div > div:nth-of-type(2) > div:nth-of-type(2) > div:nth-of-type(10) > div > div:nth-of-type(2) > div:nth-of-type(2) > a,0,Dec 11The Stand In,0,Dec 11The ,A,/html/body/div/main/div[2]/div[9]/section[3]/div/div[2]/div[2]/div[10]/div/div[2]/div[2]/a,A,Dec 11The Stand In,124,276,3172,3910
180,ipc-lockup-overlay ipc-focusable,div#IMDbHomepageSiteReactViews > main > div:nth-of-type(2) > div:nth-of-type(9) > section:nth-of-type(3) > div > div:nth-of-type(2) > div:nth-of-type(2) > div:nth-of-type(11) > div > div > a,0,2:06,0,2:06,A,/html/body/div/main/div[2]/div[9]/section[3]/div/div[2]/div[2]/div[11]/div/div/a,A,2:06,125,320,3464,3712
42,_27VmjmI0RT8lyIOdkQPBzJ comingSoonTitlePage,div#IMDbHomepageSiteReactViews > main > div:nth-of-type(2) > div:nth-of-type(9) > section:nth-of-type(3) > div > div:nth-of-type(2) > div:nth-of-type(2) > div:nth-of-type(11) > div > div:nth-of-type(2) > div:nth-of-type(2) > a,0,Dec 18Breach,0,Dec 18Brea,A,/html/body/div/main/div[2]/div[9]/section[3]/div/div[2]/div[2]/div[11]/div/div[2]/div[2]/a,A,Dec 18Breach,126,276,3508,3910
180,ipc-lockup-overlay ipc-focusable,div#IMDbHomepageSiteReactViews > main > div:nth-of-type(2) > div:nth-of-type(9) > section:nth-of-type(3) > div > div:nth-of-type(2) > div:nth-of-type(2) > div:nth-of-type(12) > div > div > a,0,1:56,0,1:56,A,/html/body/div/main/div[2]/div[9]/section[3]/div/div[2]/div[2]/div[12]/div/div/a,A,1:56,127,320,3800,3712
42,_27VmjmI0RT8lyIOdkQPBzJ comingSoonTitlePage,div#IMDbHomepageSiteReactViews > main > div:nth-of-type(2) > div:nth-of-type(9) > section:nth-of-type(3) > div > div:nth-of-type(2) > div:nth-of-type(2) > div:nth-of-type(12) > div > div:nth-of-type(2) > div:nth-of-type(2) > a,0,Dec 18Hunter Hunter,0,Dec 18Hunt,A,/html/body/div/main/div[2]/div[9]/section[3]/div/div[2]/div[2]/div[12]/div/div[2]/div[2]/a,A,Dec 18Hunter Hunter,128,276,3844,3910
180,ipc-lockup-overlay ipc-focusable,div#IMDbHomepageSiteReactViews > main > div:nth-of-type(2) > div:nth-of-type(9) > section:nth-of-type(3) > div > div:nth-of-type(2) > div:nth-of-type(2) > div:nth-of-type(13) > div > div > a,0,2:01,0,2:01,A,/html/body/div/main/div[2]/div[9]/section[3]/div/div[2]/div[2]/div[13]/div/div/a,A,2:01,129,320,4136,3712
42,_27VmjmI0RT8lyIOdkQPBzJ comingSoonTitlePage,div#IMDbHomepageSiteReactViews > main > div:nth-of-type(2) > div:nth-of-type(9) > section:nth-of-type(3) > div > div:nth-of-type(2) > div:nth-of-type(2) > div:nth-of-type(13) > div > div:nth-of-type(2) > div:nth-of-type(2) > a,0,Dec 18The Intergalactic Adventures of Max Cloud,0,Dec 18The ,A,/html/body/div/main/div[2]/div[9]/section[3]/div/div[2]/div[2]/div[13]/div/div[2]/div[2]/a,A,Dec 18The Intergalactic Adventures of Max Cloud,130,276,4180,3910
180,ipc-lockup-overlay ipc-focusable,div#IMDbHomepageSiteReactViews > main > div:nth-of-type(2) > div:nth-of-type(9) > section:nth-of-type(3) > div > div:nth-of-type(2) > div:nth-of-type(2) > div:nth-of-type(14) > div > div > a,0,2:25,0,2:25,A,/html/body/div/main/div[2]/div[9]/section[3]/div/div[2]/div[2]/div[14]/div/div/a,A,2:25,131,320,4472,3712
42,_27VmjmI0RT8lyIOdkQPBzJ comingSoonTitlePage,div#IMDbHomepageSiteReactViews > main > div:nth-of-type(2) > div:nth-of-type(9) > section:nth-of-type(3) > div > div:nth-of-type(2) > div:nth-of-type(2) > div:nth-of-type(14) > div > div:nth-of-type(2) > div:nth-of-type(2) > a,0,Dec 25Wonder Woman 1984,0,Dec 25Wond,A,/html/body/div/main/div[2]/div[9]/section[3]/div/div[2]/div[2]/div[14]/div/div[2]/div[2]/a,A,Dec 25Wonder Woman 1984,132,276,4516,3910
180,ipc-lockup-overlay ipc-focusable,div#IMDbHomepageSiteReactViews > main > div:nth-of-type(2) > div:nth-of-type(9) > section:nth-of-type(3) > div > div:nth-of-type(2) > div:nth-of-type(2) > div:nth-of-type(15) > div > div > a,0,2:21,0,2:21,A,/html/body/div/main/div[2]/div[9]/section[3]/div/div[2]/div[2]/div[15]/div/div/a,A,2:21,133,320,4808,3712
42,_27VmjmI0RT8lyIOdkQPBzJ comingSoonTitlePage,div#IMDbHomepageSiteReactViews > main > div:nth-of-type(2) > div:nth-of-type(9) > section:nth-of-type(3) > div > div:nth-of-type(2) > div:nth-of-type(2) > div:nth-of-type(15) > div > div:nth-of-type(2) > div:nth-of-type(2) > a,0,Dec 25Monster Hunter,0,Dec 25Mons,A,/html/body/div/main/div[2]/div[9]/section[3]/div/div[2]/div[2]/div[15]/div/div[2]/div[2]/a,A,Dec 25Monster Hunter,134,276,4852,3910
180,ipc-lockup-overlay ipc-focusable,div#IMDbHomepageSiteReactViews > main > div:nth-of-type(2) > div:nth-of-type(9) > section:nth-of-type(3) > div > div:nth-of-type(2) > div:nth-of-type(2) > div:nth-of-type(16) > div > div > a,0,2:56,0,2:56,A,/html/body/div/main/div[2]/div[9]/section[3]/div/div[2]/div[2]/div[16]/div/div/a,A,2:56,135,320,5144,3712
42,_27VmjmI0RT8lyIOdkQPBzJ comingSoonTitlePage,div#IMDbHomepageSiteReactViews > main > div:nth-of-type(2) > div:nth-of-type(9) > section:nth-of-type(3) > div > div:nth-of-type(2) > div:nth-of-type(2) > div:nth-of-type(16) > div > div:nth-of-type(2) > div:nth-of-type(2) > a,0,Dec 25News of the World,0,Dec 25News,A,/html/body/div/main/div[2]/div[9]/section[3]/div/div[2]/div[2]/div[16]/div/div[2]/div[2]/a,A,Dec 25News of the World,136,276,5188,3910
180,ipc-lockup-overlay ipc-focusable,div#IMDbHomepageSiteReactViews > main > div:nth-of-type(2) > div:nth-of-type(9) > section:nth-of-type(3) > div > div:nth-of-type(2) > div:nth-of-type(2) > div:nth-of-type(17) > div > div > a,0,2:31,0,2:31,A,/html/body/div/main/div[2]/div[9]/section[3]/div/div[2]/div[2]/div[17]/div/div/a,A,2:31,137,320,5480,3712
42,_27VmjmI0RT8lyIOdkQPBzJ comingSoonTitlePage,div#IMDbHomepageSiteReactViews > main > div:nth-of-type(2) > div:nth-of-type(9) > section:nth-of-type(3) > div > div:nth-of-type(2) > div:nth-of-type(2) > div:nth-of-type(17) > div > div:nth-of-type(2) > div:nth-of-type(2) > a,0,Apr 2Peter Rabbit 2: The Runaway,0,Apr 2Peter,A,/html/body/div/main/div[2]/div[9]/section[3]/div/div[2]/div[2]/div[17]/div/div[2]/div[2]/a,A,Apr 2Peter Rabbit 2: The Runaway,138,276,5524,3910
180,ipc-lockup-overlay ipc-focusable,div#IMDbHomepageSiteReactViews > main > div:nth-of-type(2) > div:nth-of-type(9) > section:nth-of-type(4) > div > div:nth-of-type(2) > div:nth-of-type(2) > div > div > div > a,0,2:35,0,2:35,A,/html/body/div/main/div[2]/div[9]/section[4]/div/div[2]/div[2]/div/div/div/a,A,2:35,139,320,104,4101
42,_27VmjmI0RT8lyIOdkQPBzJ comingSoonTitlePage,div#IMDbHomepageSiteReactViews > main > div:nth-of-type(2) > div:nth-of-type(9) > section:nth-of-type(4) > div > div:nth-of-type(2) > div:nth-of-type(2) > div > div > div:nth-of-type(2) > div:nth-of-type(2) > a,0,Nov 23Black Narcissus,0,Nov 23Blac,A,/html/body/div/main/div[2]/div[9]/section[4]/div/div[2]/div[2]/div/div/div[2]/div[2]/a,A,Nov 23Black Narcissus,140,276,148,4299
180,ipc-lockup-overlay ipc-focusable,div#IMDbHomepageSiteReactViews > main > div:nth-of-type(2) > div:nth-of-type(9) > section:nth-of-type(4) > div > div:nth-of-type(2) > div:nth-of-type(2) > div:nth-of-type(2) > div > div > a,0,2:06,0,2:06,A,/html/body/div/main/div[2]/div[9]/section[4]/div/div[2]/div[2]/div[2]/div/div/a,A,2:06,141,320,440,4101
42,_27VmjmI0RT8lyIOdkQPBzJ comingSoonTitlePage,div#IMDbHomepageSiteReactViews > main > div:nth-of-type(2) > div:nth-of-type(9) > section:nth-of-type(4) > div > div:nth-of-type(2) > div:nth-of-type(2) > div:nth-of-type(2) > div > div:nth-of-type(2) > div:nth-of-type(2) > a,0,Dec 6Your Honor,0,Dec 6Your ,A,/html/body/div/main/div[2]/div[9]/section[4]/div/div[2]/div[2]/div[2]/div/div[2]/div[2]/a,A,Dec 6Your Honor,142,276,484,4299
180,ipc-lockup-overlay ipc-focusable,div#IMDbHomepageSiteReactViews > main > div:nth-of-type(2) > div:nth-of-type(9) > section:nth-of-type(4) > div > div:nth-of-type(2) > div:nth-of-type(2) > div:nth-of-type(3) > div > div > a,0,1:15,0,1:15,A,/html/body/div/main/div[2]/div[9]/section[4]/div/div[2]/div[2]/div[3]/div/div/a,A,1:15,143,320,776,4101
42,_27VmjmI0RT8lyIOdkQPBzJ comingSoonTitlePage,div#IMDbHomepageSiteReactViews > main > div:nth-of-type(2) > div:nth-of-type(9) > section:nth-of-type(4) > div > div:nth-of-type(2) > div:nth-of-type(2) > div:nth-of-type(3) > div > div:nth-of-type(2) > div:nth-of-type(2) > a,0,Jan 3The Watch,0,Jan 3The W,A,/html/body/div/main/div[2]/div[9]/section[4]/div/div[2]/div[2]/div[3]/div/div[2]/div[2]/a,A,Jan 3The Watch,144,276,820,4299
180,ipc-lockup-overlay ipc-focusable,div#IMDbHomepageSiteReactViews > main > div:nth-of-type(2) > div:nth-of-type(10) > section > div > div:nth-of-type(2) > div:nth-of-type(2) > div > div > a,0,List,0,List,A,/html/body/div/main/div[2]/div[10]/section/div/div[2]/div[2]/div/div/a,A,List,145,320,104,4482
60,Rwa4i3rwtfq5LpCcukrtG,div#IMDbHomepageSiteReactViews > main > div:nth-of-type(2) > div:nth-of-type(10) > section > div > div:nth-of-type(2) > div:nth-of-type(2) > div > a,0,What to Watch: Our Favorite Book-to-Screen Adaptations,0,What to Wa,A,/html/body/div/main/div[2]/div[10]/section/div/div[2]/div[2]/div/a,A,What to Watch: Our Favorite Book-to-Screen Adaptations,146,320,104,4662
180,ipc-lockup-overlay ipc-focusable,div#IMDbHomepageSiteReactViews > main > div:nth-of-type(2) > div:nth-of-type(10) > section > div > div:nth-of-type(2) > div:nth-of-type(2) > div:nth-of-type(2) > div > a,0,List,0,List,A,/html/body/div/main/div[2]/div[10]/section/div/div[2]/div[2]/div[2]/div/a,A,List,147,320,440,4482
60,Rwa4i3rwtfq5LpCcukrtG,div#IMDbHomepageSiteReactViews > main > div:nth-of-type(2) > div:nth-of-type(10) > section > div > div:nth-of-type(2) > div:nth-of-type(2) > div:nth-of-type(2) > a,0,Everything New on Disney Plus in November,0,Everything,A,/html/body/div/main/div[2]/div[10]/section/div/div[2]/div[2]/div[2]/a,A,Everything New on Disney Plus in November,148,320,440,4662
180,ipc-lockup-overlay ipc-focusable,div#IMDbHomepageSiteReactViews > main > div:nth-of-type(2) > div:nth-of-type(10) > section > div > div:nth-of-type(2) > div:nth-of-type(2) > div:nth-of-type(3) > div > a,0,Vote now,0,Vote now,A,/html/body/div/main/div[2]/div[10]/section/div/div[2]/div[2]/div[3]/div/a,A,Vote now,149,320,776,4482
36,Rwa4i3rwtfq5LpCcukrtG,div#IMDbHomepageSiteReactViews > main > div:nth-of-type(2) > div:nth-of-type(10) > section > div > div:nth-of-type(2) > div:nth-of-type(2) > div:nth-of-type(3) > a,0,Poll: Face-Off: 'Borat' vs. 'Borat',0,Poll: Face,A,/html/body/div/main/div[2]/div[10]/section/div/div[2]/div[2]/div[3]/a,A,Poll: Face-Off: 'Borat' vs. 'Borat',150,320,776,4662
61,ipc-title ipc-title--subsection-title ipc-title--baseAlt ipc-title--on-textPrimary ipc-title-link-wrapper,div#IMDbHomepageSiteReactViews > main > div:nth-of-type(2) > div:nth-of-type(10) > section:nth-of-type(2) > div > div > a,0,Born todayPeople born on November 20,0,Born today,A,/html/body/div/main/div[2]/div[10]/section[2]/div/div/a,A,Born todayPeople born on November 20,151,254,88,4762
208,_1V2Ido0XiDBXxrqIpbSWzO ipc-sub-grid-item ipc-sub-grid-item--span-2,div#IMDbHomepageSiteReactViews > main > div:nth-of-type(2) > div:nth-of-type(10) > section:nth-of-type(2) > div > div:nth-of-type(2) > div:nth-of-type(2) > a,0,Andrea Riseborough39,0,Andrea Ris,A,/html/body/div/main/div[2]/div[10]/section[2]/div/div[2]/div[2]/a,A,Andrea Riseborough39,152,152,104,4839
208,_1V2Ido0XiDBXxrqIpbSWzO ipc-sub-grid-item ipc-sub-grid-item--span-2,div#IMDbHomepageSiteReactViews > main > div:nth-of-type(2) > div:nth-of-type(10) > section:nth-of-type(2) > div > div:nth-of-type(2) > div:nth-of-type(2) > a:nth-of-type(2),0,Sean Young61,0,Sean Young,A,/html/body/div/main/div[2]/div[10]/section[2]/div/div[2]/div[2]/a[2],A,Sean Young61,153,152,272,4839
208,_1V2Ido0XiDBXxrqIpbSWzO ipc-sub-grid-item ipc-sub-grid-item--span-2,div#IMDbHomepageSiteReactViews > main > div:nth-of-type(2) > div:nth-of-type(10) > section:nth-of-type(2) > div > div:nth-of-type(2) > div:nth-of-type(2) > a:nth-of-type(3),0,Ming-Na Wen57,0,Ming-Na We,A,/html/body/div/main/div[2]/div[10]/section[2]/div/div[2]/div[2]/a[3],A,Ming-Na Wen57,154,152,440,4839
208,_1V2Ido0XiDBXxrqIpbSWzO ipc-sub-grid-item ipc-sub-grid-item--span-2,div#IMDbHomepageSiteReactViews > main > div:nth-of-type(2) > div:nth-of-type(10) > section:nth-of-type(2) > div > div:nth-of-type(2) > div:nth-of-type(2) > a:nth-of-type(4),0,Joel McHale49,0,Joel McHal,A,/html/body/div/main/div[2]/div[10]/section[2]/div/div[2]/div[2]/a[4],A,Joel McHale49,155,152,608,4839
208,_1V2Ido0XiDBXxrqIpbSWzO ipc-sub-grid-item ipc-sub-grid-item--span-2,div#IMDbHomepageSiteReactViews > main > div:nth-of-type(2) > div:nth-of-type(10) > section:nth-of-type(2) > div > div:nth-of-type(2) > div:nth-of-type(2) > a:nth-of-type(5),0,Dan Byrd35,0,Dan Byrd35,A,/html/body/div/main/div[2]/div[10]/section[2]/div/div[2]/div[2]/a[5],A,Dan Byrd35,156,152,776,4839
208,_1V2Ido0XiDBXxrqIpbSWzO ipc-sub-grid-item ipc-sub-grid-item--span-2,div#IMDbHomepageSiteReactViews > main > div:nth-of-type(2) > div:nth-of-type(10) > section:nth-of-type(2) > div > div:nth-of-type(2) > div:nth-of-type(2) > a:nth-of-type(6),0,Bo Derek64,0,Bo Derek64,A,/html/body/div/main/div[2]/div[10]/section[2]/div/div[2]/div[2]/a[6],A,Bo Derek64,157,152,944,4839
208,_1V2Ido0XiDBXxrqIpbSWzO ipc-sub-grid-item ipc-sub-grid-item--span-2,div#IMDbHomepageSiteReactViews > main > div:nth-of-type(2) > div:nth-of-type(10) > section:nth-of-type(2) > div > div:nth-of-type(2) > div:nth-of-type(2) > a:nth-of-type(7),0,Nadine Velazquez42,0,Nadine Vel,A,/html/body/div/main/div[2]/div[10]/section[2]/div/div[2]/div[2]/a[7],A,Nadine Velazquez42,158,152,1112,4839
208,_1V2Ido0XiDBXxrqIpbSWzO ipc-sub-grid-item ipc-sub-grid-item--span-2,div#IMDbHomepageSiteReactViews > main > div:nth-of-type(2) > div:nth-of-type(10) > section:nth-of-type(2) > div > div:nth-of-type(2) > div:nth-of-type(2) > a:nth-of-type(8),0,Laura Harris44,0,Laura Harr,A,/html/body/div/main/div[2]/div[10]/section[2]/div/div[2]/div[2]/a[8],A,Laura Harris44,159,152,1280,4839
208,_1V2Ido0XiDBXxrqIpbSWzO ipc-sub-grid-item ipc-sub-grid-item--span-2,div#IMDbHomepageSiteReactViews > main > div:nth-of-type(2) > div:nth-of-type(10) > section:nth-of-type(2) > div > div:nth-of-type(2) > div:nth-of-type(2) > a:nth-of-type(9),0,Richard Masur72,0,Richard Ma,A,/html/body/div/main/div[2]/div[10]/section[2]/div/div[2]/div[2]/a[9],A,Richard Masur72,160,152,1448,4839
208,_1V2Ido0XiDBXxrqIpbSWzO ipc-sub-grid-item ipc-sub-grid-item--span-2,div#IMDbHomepageSiteReactViews > main > div:nth-of-type(2) > div:nth-of-type(10) > section:nth-of-type(2) > div > div:nth-of-type(2) > div:nth-of-type(2) > a:nth-of-type(10),0,Callie Thorne51,0,Callie Tho,A,/html/body/div/main/div[2]/div[10]/section[2]/div/div[2]/div[2]/a[10],A,Callie Thorne51,161,152,1616,4839
208,_1V2Ido0XiDBXxrqIpbSWzO ipc-sub-grid-item ipc-sub-grid-item--span-2,div#IMDbHomepageSiteReactViews > main > div:nth-of-type(2) > div:nth-of-type(10) > section:nth-of-type(2) > div > div:nth-of-type(2) > div:nth-of-type(2) > a:nth-of-type(11),0,Jacob Pitts41,0,Jacob Pitt,A,/html/body/div/main/div[2]/div[10]/section[2]/div/div[2]/div[2]/a[11],A,Jacob Pitts41,162,152,1784,4839
208,_1V2Ido0XiDBXxrqIpbSWzO ipc-sub-grid-item ipc-sub-grid-item--span-2,div#IMDbHomepageSiteReactViews > main > div:nth-of-type(2) > div:nth-of-type(10) > section:nth-of-type(2) > div > div:nth-of-type(2) > div:nth-of-type(2) > a:nth-of-type(12),0,Richard Dawson1932-2012,0,Richard Da,A,/html/body/div/main/div[2]/div[10]/section[2]/div/div[2]/div[2]/a[12],A,Richard Dawson1932-2012,163,152,1952,4839
208,_1V2Ido0XiDBXxrqIpbSWzO ipc-sub-grid-item ipc-sub-grid-item--span-2,div#IMDbHomepageSiteReactViews > main > div:nth-of-type(2) > div:nth-of-type(10) > section:nth-of-type(2) > div > div:nth-of-type(2) > div:nth-of-type(2) > a:nth-of-type(13),0,Veronica Hamel77,0,Veronica H,A,/html/body/div/main/div[2]/div[10]/section[2]/div/div[2]/div[2]/a[13],A,Veronica Hamel77,164,152,2120,4839
208,_1V2Ido0XiDBXxrqIpbSWzO ipc-sub-grid-item ipc-sub-grid-item--span-2,div#IMDbHomepageSiteReactViews > main > div:nth-of-type(2) > div:nth-of-type(10) > section:nth-of-type(2) > div > div:nth-of-type(2) > div:nth-of-type(2) > a:nth-of-type(14),0,Sabrina Lloyd50,0,Sabrina Ll,A,/html/body/div/main/div[2]/div[10]/section[2]/div/div[2]/div[2]/a[14],A,Sabrina Lloyd50,165,152,2288,4839
208,_1V2Ido0XiDBXxrqIpbSWzO ipc-sub-grid-item ipc-sub-grid-item--span-2,div#IMDbHomepageSiteReactViews > main > div:nth-of-type(2) > div:nth-of-type(10) > section:nth-of-type(2) > div > div:nth-of-type(2) > div:nth-of-type(2) > a:nth-of-type(15),0,Jeremy Jordan36,0,Jeremy Jor,A,/html/body/div/main/div[2]/div[10]/section[2]/div/div[2]/div[2]/a[15],A,Jeremy Jordan36,166,152,2456,4839
208,_1V2Ido0XiDBXxrqIpbSWzO ipc-sub-grid-item ipc-sub-grid-item--span-2,div#IMDbHomepageSiteReactViews > main > div:nth-of-type(2) > div:nth-of-type(10) > section:nth-of-type(2) > div > div:nth-of-type(2) > div:nth-of-type(2) > a:nth-of-type(16),0,Bennye Gatteys80,0,Bennye Gat,A,/html/body/div/main/div[2]/div[10]/section[2]/div/div[2]/div[2]/a[16],A,Bennye Gatteys80,167,152,2624,4839
208,_1V2Ido0XiDBXxrqIpbSWzO ipc-sub-grid-item ipc-sub-grid-item--span-2,div#IMDbHomepageSiteReactViews > main > div:nth-of-type(2) > div:nth-of-type(10) > section:nth-of-type(2) > div > div:nth-of-type(2) > div:nth-of-type(2) > a:nth-of-type(17),0,Jaina Lee Ortiz34,0,Jaina Lee ,A,/html/body/div/main/div[2]/div[10]/section[2]/div/div[2]/div[2]/a[17],A,Jaina Lee Ortiz34,168,152,2792,4839
208,_1V2Ido0XiDBXxrqIpbSWzO ipc-sub-grid-item ipc-sub-grid-item--span-2,div#IMDbHomepageSiteReactViews > main > div:nth-of-type(2) > div:nth-of-type(10) > section:nth-of-type(2) > div > div:nth-of-type(2) > div:nth-of-type(2) > a:nth-of-type(18),0,Margo Stilley38,0,Margo Stil,A,/html/body/div/main/div[2]/div[10]/section[2]/div/div[2]/div[2]/a[18],A,Margo Stilley38,169,152,2960,4839
208,_1V2Ido0XiDBXxrqIpbSWzO ipc-sub-grid-item ipc-sub-grid-item--span-2,div#IMDbHomepageSiteReactViews > main > div:nth-of-type(2) > div:nth-of-type(10) > section:nth-of-type(2) > div > div:nth-of-type(2) > div:nth-of-type(2) > a:nth-of-type(19),0,Amelia Rose Blaire33,0,Amelia Ros,A,/html/body/div/main/div[2]/div[10]/section[2]/div/div[2]/div[2]/a[19],A,Amelia Rose Blaire33,170,152,3128,4839
208,_1V2Ido0XiDBXxrqIpbSWzO ipc-sub-grid-item ipc-sub-grid-item--span-2,div#IMDbHomepageSiteReactViews > main > div:nth-of-type(2) > div:nth-of-type(10) > section:nth-of-type(2) > div > div:nth-of-type(2) > div:nth-of-type(2) > a:nth-of-type(20),0,Rhys Wakefield32,0,Rhys Wakef,A,/html/body/div/main/div[2]/div[10]/section[2]/div/div[2]/div[2]/a[20],A,Rhys Wakefield32,171,152,3296,4839
208,_1V2Ido0XiDBXxrqIpbSWzO ipc-sub-grid-item ipc-sub-grid-item--span-2,div#IMDbHomepageSiteReactViews > main > div:nth-of-type(2) > div:nth-of-type(10) > section:nth-of-type(2) > div > div:nth-of-type(2) > div:nth-of-type(2) > a:nth-of-type(21),0,Estelle Parsons93,0,Estelle Pa,A,/html/body/div/main/div[2]/div[10]/section[2]/div/div[2]/div[2]/a[21],A,Estelle Parsons93,172,152,3464,4839
208,_1V2Ido0XiDBXxrqIpbSWzO ipc-sub-grid-item ipc-sub-grid-item--span-2,div#IMDbHomepageSiteReactViews > main > div:nth-of-type(2) > div:nth-of-type(10) > section:nth-of-type(2) > div > div:nth-of-type(2) > div:nth-of-type(2) > a:nth-of-type(22),0,Phyllis Thaxter1919-2012,0,Phyllis Th,A,/html/body/div/main/div[2]/div[10]/section[2]/div/div[2]/div[2]/a[22],A,Phyllis Thaxter1919-2012,173,152,3632,4839
208,_1V2Ido0XiDBXxrqIpbSWzO ipc-sub-grid-item ipc-sub-grid-item--span-2,div#IMDbHomepageSiteReactViews > main > div:nth-of-type(2) > div:nth-of-type(10) > section:nth-of-type(2) > div > div:nth-of-type(2) > div:nth-of-type(2) > a:nth-of-type(23),0,Cody Linley31,0,Cody Linle,A,/html/body/div/main/div[2]/div[10]/section[2]/div/div[2]/div[2]/a[23],A,Cody Linley31,174,152,3800,4839
208,_1V2Ido0XiDBXxrqIpbSWzO ipc-sub-grid-item ipc-sub-grid-item--span-2,div#IMDbHomepageSiteReactViews > main > div:nth-of-type(2) > div:nth-of-type(10) > section:nth-of-type(2) > div > div:nth-of-type(2) > div:nth-of-type(2) > a:nth-of-type(24),0,Joe Biden78,0,Joe Biden7,A,/html/body/div/main/div[2]/div[10]/section[2]/div/div[2]/div[2]/a[24],A,Joe Biden78,175,152,3968,4839
208,_1V2Ido0XiDBXxrqIpbSWzO ipc-sub-grid-item ipc-sub-grid-item--span-2,div#IMDbHomepageSiteReactViews > main > div:nth-of-type(2) > div:nth-of-type(10) > section:nth-of-type(2) > div > div:nth-of-type(2) > div:nth-of-type(2) > a:nth-of-type(25),0,Bob Einstein1942-2019,0,Bob Einste,A,/html/body/div/main/div[2]/div[10]/section[2]/div/div[2]/div[2]/a[25],A,Bob Einstein1942-2019,176,152,4136,4839
208,_1V2Ido0XiDBXxrqIpbSWzO ipc-sub-grid-item ipc-sub-grid-item--span-2,div#IMDbHomepageSiteReactViews > main > div:nth-of-type(2) > div:nth-of-type(10) > section:nth-of-type(2) > div > div:nth-of-type(2) > div:nth-of-type(2) > a:nth-of-type(26),0,Richard Brooker1954-2013,0,Richard Br,A,/html/body/div/main/div[2]/div[10]/section[2]/div/div[2]/div[2]/a[26],A,Richard Brooker1954-2013,177,152,4304,4839
208,_1V2Ido0XiDBXxrqIpbSWzO ipc-sub-grid-item ipc-sub-grid-item--span-2,div#IMDbHomepageSiteReactViews > main > div:nth-of-type(2) > div:nth-of-type(10) > section:nth-of-type(2) > div > div:nth-of-type(2) > div:nth-of-type(2) > a:nth-of-type(27),0,Joshua Gomez45,0,Joshua Gom,A,/html/body/div/main/div[2]/div[10]/section[2]/div/div[2]/div[2]/a[27],A,Joshua Gomez45,178,152,4472,4839
208,_1V2Ido0XiDBXxrqIpbSWzO ipc-sub-grid-item ipc-sub-grid-item--span-2,div#IMDbHomepageSiteReactViews > main > div:nth-of-type(2) > div:nth-of-type(10) > section:nth-of-type(2) > div > div:nth-of-type(2) > div:nth-of-type(2) > a:nth-of-type(28),0,Jerry Hardin91,0,Jerry Hard,A,/html/body/div/main/div[2]/div[10]/section[2]/div/div[2]/div[2]/a[28],A,Jerry Hardin91,179,152,4640,4839
208,_1V2Ido0XiDBXxrqIpbSWzO ipc-sub-grid-item ipc-sub-grid-item--span-2,div#IMDbHomepageSiteReactViews > main > div:nth-of-type(2) > div:nth-of-type(10) > section:nth-of-type(2) > div > div:nth-of-type(2) > div:nth-of-type(2) > a:nth-of-type(29),0,Ashley Fink34,0,Ashley Fin,A,/html/body/div/main/div[2]/div[10]/section[2]/div/div[2]/div[2]/a[29],A,Ashley Fink34,180,152,4808,4839
208,_1V2Ido0XiDBXxrqIpbSWzO ipc-sub-grid-item ipc-sub-grid-item--span-2,div#IMDbHomepageSiteReactViews > main > div:nth-of-type(2) > div:nth-of-type(10) > section:nth-of-type(2) > div > div:nth-of-type(2) > div:nth-of-type(2) > a:nth-of-type(30),0,Marisa Ryan46,0,Marisa Rya,A,/html/body/div/main/div[2]/div[10]/section[2]/div/div[2]/div[2]/a[30],A,Marisa Ryan46,181,152,4976,4839
29,ipc-title ipc-title--subsection-title ipc-title--baseAlt ipc-title--on-textPrimary ipc-title-link-wrapper,div#IMDbHomepageSiteReactViews > main > div:nth-of-type(2) > div:nth-of-type(10) > section:nth-of-type(3) > div > div > a,0,Top news,0,Top news,A,/html/body/div/main/div[2]/div[10]/section[3]/div/div/a,A,Top news,182,182,88,5087
133,_1GYybQmW4_zd1-vwjOeTOg,div#IMDbHomepageSiteReactViews > main > div:nth-of-type(2) > div:nth-of-type(10) > section:nth-of-type(3) > div > div:nth-of-type(2) > div:nth-of-type(2) > div > a,0,‘Coming 2 America’ Sets March 2021 Release Date on Amazon20 NovVariety - Film News,0,‘Coming 2 ,A,/html/body/div/main/div[2]/div[10]/section[3]/div/div[2]/div[2]/div/a,A,‘Coming 2 America’ Sets March 2021 Release Date on Amazon20 NovVariety - Film News,183,320,104,5132
133,_1GYybQmW4_zd1-vwjOeTOg,div#IMDbHomepageSiteReactViews > main > div:nth-of-type(2) > div:nth-of-type(10) > section:nth-of-type(3) > div > div:nth-of-type(2) > div:nth-of-type(2) > div:nth-of-type(2) > a,0,Alfre Woodard to Star as Civil Rights Activist Fannie Lou Hamer in Limited Series for ABC Studios (Exclusive)20 NovVariety - TV News,0,Alfre Wood,A,/html/body/div/main/div[2]/div[10]/section[3]/div/div[2]/div[2]/div[2]/a,A,Alfre Woodard to Star as Civil Rights Activist Fannie Lou Hamer in Limited Series for ABC Studios (Exclusive)20 NovVariety - TV News,184,320,440,5132
133,_1GYybQmW4_zd1-vwjOeTOg,div#IMDbHomepageSiteReactViews > main > div:nth-of-type(2) > div:nth-of-type(10) > section:nth-of-type(3) > div > div:nth-of-type(2) > div:nth-of-type(2) > div:nth-of-type(3) > a,0,"New, Completely Reimagined ‘Pink Panther’ Film Coming From The Director Of ‘Sonic The Hedgehog’20 NovThe Playlist",0,"New, Compl",A,/html/body/div/main/div[2]/div[10]/section[3]/div/div[2]/div[2]/div[3]/a,A,"New, Completely Reimagined ‘Pink Panther’ Film Coming From The Director Of ‘Sonic The Hedgehog’20 NovThe Playlist",185,320,776,5132
133,_1GYybQmW4_zd1-vwjOeTOg,div#IMDbHomepageSiteReactViews > main > div:nth-of-type(2) > div:nth-of-type(10) > section:nth-of-type(3) > div > div:nth-of-type(2) > div:nth-of-type(2) > div:nth-of-type(4) > a,0,‘Sound Of Metal’ Finds Rhythm In Theatrical Release; ‘The Last Vermeer’ And ‘The Twentieth Century’ Debut – Specialty Preview20 NovDeadline,0,‘Sound Of ,A,/html/body/div/main/div[2]/div[10]/section[3]/div/div[2]/div[2]/div[4]/a,A,‘Sound Of Metal’ Finds Rhythm In Theatrical Release; ‘The Last Vermeer’ And ‘The Twentieth Century’ Debut – Specialty Preview20 NovDeadline,186,320,1112,5132
133,_1GYybQmW4_zd1-vwjOeTOg,div#IMDbHomepageSiteReactViews > main > div:nth-of-type(2) > div:nth-of-type(10) > section:nth-of-type(3) > div > div:nth-of-type(2) > div:nth-of-type(2) > div:nth-of-type(5) > a,0,"ABC Announces ‘Mixed-ish,’ ‘Call Your Mother’ Premiere Dates (TV News Roundup)19 NovVariety - TV News",0,ABC Announ,A,/html/body/div/main/div[2]/div[10]/section[3]/div/div[2]/div[2]/div[5]/a,A,"ABC Announces ‘Mixed-ish,’ ‘Call Your Mother’ Premiere Dates (TV News Roundup)19 NovVariety - TV News",187,320,1448,5132
32,_3jP9CiIkfY5fAvdh2xtStA ipc-chip ipc-chip--on-baseAlt,div#IMDbHomepageSiteReactViews > main > div:nth-of-type(2) > div:nth-of-type(10) > section:nth-of-type(3) > div > ul > li > a,0,Top news,0,Top news,A,/html/body/div/main/div[2]/div[10]/section[3]/div/ul/li/a,A,Top news,188,89,112,5281
32,_3jP9CiIkfY5fAvdh2xtStA ipc-chip ipc-chip--on-baseAlt,div#IMDbHomepageSiteReactViews > main > div:nth-of-type(2) > div:nth-of-type(10) > section:nth-of-type(3) > div > ul > li:nth-of-type(2) > a,0,Movie news,0,Movie news,A,/html/body/div/main/div[2]/div[10]/section[3]/div/ul/li[2]/a,A,Movie news,189,104,209,5281
32,_3jP9CiIkfY5fAvdh2xtStA ipc-chip ipc-chip--on-baseAlt,div#IMDbHomepageSiteReactViews > main > div:nth-of-type(2) > div:nth-of-type(10) > section:nth-of-type(3) > div > ul > li:nth-of-type(3) > a,0,TV news,0,TV news,A,/html/body/div/main/div[2]/div[10]/section[3]/div/ul/li[3]/a,A,TV news,190,84,322,5281
32,_3jP9CiIkfY5fAvdh2xtStA ipc-chip ipc-chip--on-baseAlt,div#IMDbHomepageSiteReactViews > main > div:nth-of-type(2) > div:nth-of-type(10) > section:nth-of-type(3) > div > ul > li:nth-of-type(4) > a,0,Celebrity news,0,Celebrity ,A,/html/body/div/main/div[2]/div[10]/section[3]/div/ul/li[4]/a,A,Celebrity news,191,123,414,5281
48,ipc-icon-link ipc-icon-link--baseAlt ipc-icon-link--onBase,div#IMDbHomepageSiteReactViews > footer > div:nth-of-type(2) > div > div > ul > li > a,0,,0,,A,/html/body/div/footer/div[2]/div/div/ul/li/a,A,,192,48,448,5470
48,ipc-icon-link ipc-icon-link--baseAlt ipc-icon-link--onBase,div#IMDbHomepageSiteReactViews > footer > div:nth-of-type(2) > div > div > ul > li:nth-of-type(2) > a,0,,0,,A,/html/body/div/footer/div[2]/div/div/ul/li[2]/a,A,,193,48,512,5470
48,ipc-icon-link ipc-icon-link--baseAlt ipc-icon-link--onBase,div#IMDbHomepageSiteReactViews > footer > div:nth-of-type(2) > div > div > ul > li:nth-of-type(3) > a,0,,0,,A,/html/body/div/footer/div[2]/div/div/ul/li[3]/a,A,,194,48,576,5470
48,ipc-icon-link ipc-icon-link--baseAlt ipc-icon-link--onBase,div#IMDbHomepageSiteReactViews > footer > div:nth-of-type(2) > div > div > ul > li:nth-of-type(4) > a,0,,0,,A,/html/body/div/footer/div[2]/div/div/ul/li[4]/a,A,,195,48,640,5470
48,ipc-icon-link ipc-icon-link--baseAlt ipc-icon-link--onBase,div#IMDbHomepageSiteReactViews > footer > div:nth-of-type(2) > div > div > ul > li:nth-of-type(5) > a,0,,0,,A,/html/body/div/footer/div[2]/div/div/ul/li[5]/a,A,,196,48,704,5470
40,ipc-link ipc-link--baseAlt ipc-link--touch-target ipc-link--inherit-color ipc-link--launch,div#IMDbHomepageSiteReactViews > footer > div:nth-of-type(2) > div > div:nth-of-type(2) > ul > li > a,0,Get the IMDb App,0,Get the IM,A,/html/body/div/footer/div[2]/div/div[2]/ul/li/a,A,Get the IMDb App,197,165,143,5534
40,ipc-link ipc-link--baseAlt ipc-link--touch-target ipc-link--inherit-color ipc-link--launch,div#IMDbHomepageSiteReactViews > footer > div:nth-of-type(2) > div > div:nth-of-type(2) > ul > li:nth-of-type(2) > a,0,Help,0,Help,A,/html/body/div/footer/div[2]/div/div[2]/ul/li[2]/a,A,Help,198,65,324,5534
40,ipc-link ipc-link--baseAlt ipc-link--touch-target ipc-link--inherit-color ipc-link--launch,div#IMDbHomepageSiteReactViews > footer > div:nth-of-type(2) > div > div:nth-of-type(2) > ul > li:nth-of-type(3) > a,0,Site Index,0,Site Index,A,/html/body/div/footer/div[2]/div/div[2]/ul/li[3]/a,A,Site Index,199,106,405,5534
40,ipc-link ipc-link--baseAlt ipc-link--touch-target ipc-link--inherit-color ipc-link--launch,div#IMDbHomepageSiteReactViews > footer > div:nth-of-type(2) > div > div:nth-of-type(2) > ul > li:nth-of-type(4) > a,0,IMDbPro,0,IMDbPro,A,/html/body/div/footer/div[2]/div/div[2]/ul/li[4]/a,A,IMDbPro,200,97,527,5534
40,ipc-link ipc-link--baseAlt ipc-link--touch-target ipc-link--inherit-color,div#IMDbHomepageSiteReactViews > footer > div:nth-of-type(2) > div > div:nth-of-type(2) > ul > li:nth-of-type(5) > a,0,IMDb TV,0,IMDb TV,A,/html/body/div/footer/div[2]/div/div[2]/ul/li[5]/a,A,IMDb TV,201,82,640,5534
40,ipc-link ipc-link--baseAlt ipc-link--touch-target ipc-link--inherit-color ipc-link--launch,div#IMDbHomepageSiteReactViews > footer > div:nth-of-type(2) > div > div:nth-of-type(2) > ul > li:nth-of-type(6) > a,0,Box Office Mojo,0,Box Office,A,/html/body/div/footer/div[2]/div/div[2]/ul/li[6]/a,A,Box Office Mojo,202,150,738,5534
40,ipc-link ipc-link--baseAlt ipc-link--touch-target ipc-link--inherit-color ipc-link--launch,div#IMDbHomepageSiteReactViews > footer > div:nth-of-type(2) > div > div:nth-of-type(2) > ul > li:nth-of-type(7) > a,0,IMDb Developer,0,IMDb Devel,A,/html/body/div/footer/div[2]/div/div[2]/ul/li[7]/a,A,IMDb Developer,203,153,904,5534
40,ipc-link ipc-link--baseAlt ipc-link--touch-target ipc-link--inherit-color,div#IMDbHomepageSiteReactViews > footer > div:nth-of-type(2) > div > div:nth-of-type(3) > ul > li > a,0,Press Room,0,Press Room,A,/html/body/div/footer/div[2]/div/div[3]/ul/li/a,A,Press Room,204,109,183,5574
40,ipc-link ipc-link--baseAlt ipc-link--touch-target ipc-link--inherit-color ipc-link--launch,div#IMDbHomepageSiteReactViews > footer > div:nth-of-type(2) > div > div:nth-of-type(3) > ul > li:nth-of-type(2) > a,0,Advertising,0,Advertisin,A,/html/body/div/footer/div[2]/div/div[3]/ul/li[2]/a,A,Advertising,205,115,309,5574
40,ipc-link ipc-link--baseAlt ipc-link--touch-target ipc-link--inherit-color ipc-link--launch,div#IMDbHomepageSiteReactViews > footer > div:nth-of-type(2) > div > div:nth-of-type(3) > ul > li:nth-of-type(3) > a,0,Jobs,0,Jobs,A,/html/body/div/footer/div[2]/div/div[3]/ul/li[3]/a,A,Jobs,206,66,439,5574
40,ipc-link ipc-link--baseAlt ipc-link--touch-target ipc-link--inherit-color,div#IMDbHomepageSiteReactViews > footer > div:nth-of-type(2) > div > div:nth-of-type(3) > ul > li:nth-of-type(4) > a,0,Conditions of Use,0,Conditions,A,/html/body/div/footer/div[2]/div/div[3]/ul/li[4]/a,A,Conditions of Use,207,151,521,5574
40,ipc-link ipc-link--baseAlt ipc-link--touch-target ipc-link--inherit-color,div#IMDbHomepageSiteReactViews > footer > div:nth-of-type(2) > div > div:nth-of-type(3) > ul > li:nth-of-type(5) > a,0,Privacy Policy,0,Privacy Po,A,/html/body/div/footer/div[2]/div/div[3]/ul/li[5]/a,A,Privacy Policy,208,123,688,5574
40,ipc-link ipc-link--baseAlt ipc-link--touch-target ipc-link--inherit-color ipc-link--launch,div#IMDbHomepageSiteReactViews > footer > div:nth-of-type(2) > div > div:nth-of-type(3) > ul > li:nth-of-type(6) > a,0,Interest-Based Ads,0,Interest-B,A,/html/body/div/footer/div[2]/div/div[3]/ul/li[6]/a,A,Interest-Based Ads,209,174,826,5574
